lineup_id,team_id,team,season,top_id,top_player,jng_id,jng_player,mid_id,mid_player,bot_id,bot_player,sup_id,sup_player,n_games_total,n_games,n_days,mean_impact,shrunk_impact,ci_low,ci_high,eligible,win_rate,mean_dpm,mean_vision_per_minute,gold_concentration,damage_concentration,top_gold_share,top_damage_share,jng_gold_share,jng_damage_share,mid_gold_share,mid_damage_share,bot_gold_share,bot_damage_share,sup_gold_share,sup_damage_share,affinity_score
lineup-0de67c385242c36d,oe:team:60af568eab0264f92225ad6649bac88,Level Up esports,2019,oe:player:dfbb32609398e07a30933a617d2d9b7,KLOWNY,oe:player:9312bfc44c1e0686971d076d1364713,Ryuzaki,oe:player:ef92b55a48eb2b383af92eef0c0e738,Raqo,oe:player:b97ef4b296486afd7f072c655c1c8fa,chopsteek,oe:player:2fc47d506de431ba77f2af233f558e4,Panj,2,1,1,-0.02826514,-0.00256956,,,False,0.00000000,324.48946661,1.31241596,0.21209248,0.23307394,0.18820642,0.20819520,0.16067623,0.16138443,0.21974101,0.23607612,0.28469935,0.32005039,0.14667700,0.07429386,"{""version"":1,""players"":[{""id"":""oe:player:dfbb32609398e07a30933a617d2d9b7"",""name"":""KLOWNY"",""role"":""top""},{""id"":""oe:player:9312bfc44c1e0686971d076d1364713"",""name"":""Ryuzaki"",""role"":""jng""},{""id"":""oe:player:ef92b55a48eb2b383af92eef0c0e738"",""name"":""Raqo"",""role"":""mid""},{""id"":""oe:player:b97ef4b296486afd7f072c655c1c8fa"",""name"":""chopsteek"",""role"":""bot""},{""id"":""oe:player:2fc47d506de431ba77f2af233f558e4"",""name"":""Panj"",""role"":""sup""}],""cells"":[{""row"":0,""col"":0,""kind"":""self"",""pair"":null,""value"":null},{""row"":0,""col"":1,""kind"":""sparse"",""pair"":{""id"":""pair-32be55176723c622"",""teamId"":""oe:team:60af568eab0264f92225ad6649bac88"",""teamName"":""Level Up esports"",""playerAId"":""oe:player:9312bfc44c1e0686971d076d1364713"",""playerBId"":""oe:player:dfbb32609398e07a30933a617d2d9b7"",""playerA"":""Ryuzaki"",""playerB"":""KLOWNY"",""stats"":{""eligible"":false,""n_games_total"":13.0,""n_games"":6.0,""n_days"":6.0,""mean_impact"":0.11704746,""shrunk_impact"":0.0438928,""ci_low"":-0.15791045,""ci_high"":0.223168,""win_rate"":0.33333333}},""value"":0.0438928},{""row"":0,""col"":2,""kind"":""sparse"",""pair"":{""id"":""pair-04cdad81a35c3237"",""teamId"":""oe:team:60af568eab0264f92225ad6649bac88"",""teamName"":""Level Up esports"",""playerAId"":""oe:player:dfbb32609398e07a30933a617d2d9b7"",""playerBId"":""oe:player:ef92b55a48eb2b383af92eef0c0e738"",""playerA"":""KLOWNY"",""playerB"":""Raqo"",""stats"":{""eligible"":false,""n_games_total"":14.0,""n_games"":7.0,""n_days"":7.0,""mean_impact"":0.04427449,""shrunk_impact"":0.01823067,""ci_low"":-0.18704118,""ci_high"":0.22742083,""win_rate"":0.28571429}},""value"":0.01823067},{""row"":0,""col"":3,""kind"":""sparse"",""pair"":{""id"":""pair-71337e5aa6b68247"",""teamId"":""oe:team:60af568eab0264f92225ad6649bac88"",""teamName"":""Level Up esports"",""playerAId"":""oe:player:b97ef4b296486afd7f072c655c1c8fa"",""playerBId"":""oe:player:dfbb32609398e07a30933a617d2d9b7"",""playerA"":""chopsteek"",""playerB"":""KLOWNY"",""stats"":{""eligible"":false,""n_games_total"":3.0,""n_games"":2.0,""n_days"":2.0,""mean_impact"":-0.12916651,""shrunk_impact"":-0.02152775,""ci_low"":null,""ci_high"":null,""win_rate"":0.0}},""value"":-0.02152775},{""row"":0,""col"":4,""kind"":""sparse"",""pair"":{""id"":""pair-9ecfa64550c9c95f"",""teamId"":""oe:team:60af568eab0264f92225ad6649bac88"",""teamName"":""Level Up esports"",""playerAId"":""oe:player:2fc47d506de431ba77f2af233f558e4"",""playerBId"":""oe:player:dfbb32609398e07a30933a617d2d9b7"",""playerA"":""Panj"",""playerB"":""KLOWNY"",""stats"":{""eligible"":false,""n_games_total"":14.0,""n_games"":7.0,""n_days"":7.0,""mean_impact"":-0.24041864,""shrunk_impact"":-0.09899591,""ci_low"":-0.37466272,""ci_high"":0.1728034,""win_rate"":0.28571429}},""value"":-0.09899591},{""row"":1,""col"":0,""kind"":""sparse"",""pair"":{""id"":""pair-32be55176723c622"",""teamId"":""oe:team:60af568eab0264f92225ad6649bac88"",""teamName"":""Level Up esports"",""playerAId"":""oe:player:9312bfc44c1e0686971d076d1364713"",""playerBId"":""oe:player:dfbb32609398e07a30933a617d2d9b7"",""playerA"":""Ryuzaki"",""playerB"":""KLOWNY"",""stats"":{""eligible"":false,""n_games_total"":13.0,""n_games"":6.0,""n_days"":6.0,""mean_impact"":0.11704746,""shrunk_impact"":0.0438928,""ci_low"":-0.15791045,""ci_high"":0.223168,""win_rate"":0.33333333}},""value"":0.0438928},{""row"":1,""col"":1,""kind"":""self"",""pair"":null,""value"":null},{""row"":1,""col"":2,""kind"":""sparse"",""pair"":{""id"":""pair-7a6e20e4bf62c9a8"",""teamId"":""oe:team:60af568eab0264f92225ad6649bac88"",""teamName"":""Level Up esports"",""playerAId"":""oe:player:9312bfc44c1e0686971d076d1364713"",""playerBId"":""oe:player:ef92b55a48eb2b383af92eef0c0e738"",""playerA"":""Ryuzaki"",""playerB"":""Raqo"",""stats"":{""eligible"":false,""n_games_total"":13.0,""n_games"":6.0,""n_days"":6.0,""mean_impact"":-0.29419045,""shrunk_impact"":-0.11032142,""ci_low"":-0.19748865,""ci_high"":-0.03356235,""win_rate"":0.33333333}},""value"":-0.11032142},{""row"":1,""col"":3,""kind"":""sparse"",""pair"":{""id"":""pair-f3285bca27ada0e3"",""teamId"":""oe:team:60af568eab0264f92225ad6649bac88"",""teamName"":""Level Up esports"",""playerAId"":""oe:player:9312bfc44c1e0686971d076d1364713"",""playerBId"":""oe:player:b97ef4b296486afd7f072c655c1c8fa"",""playerA"":""Ryuzaki"",""playerB"":""chopsteek"",""stats"":{""eligible"":false,""n_games_total"":2.0,""n_games"":1.0,""n_days"":1.0,""mean_impact"":0.01118846,""shrunk_impact"":0.00101713,""ci_low"":null,""ci_high"":null,""win_rate"":0.0}},""value"":0.00101713},{""row"":1,""col"":4,""kind"":""sparse"",""pair"":{""id"":""pair-b90a5ec73a44742f"",""teamId"":""oe:team:60af568eab0264f92225ad6649bac88"",""teamName"":""Level Up esports"",""playerAId"":""oe:player:2fc47d506de431ba77f2af233f558e4"",""playerBId"":""oe:player:9312bfc44c1e0686971d076d1364713"",""playerA"":""Panj"",""playerB"":""Ryuzaki"",""stats"":{""eligible"":false,""n_games_total"":13.0,""n_games"":6.0,""n_days"":6.0,""mean_impact"":-0.36956869,""shrunk_impact"":-0.13858826,""ci_low"":-0.29939775,""ci_high"":0.04545776,""win_rate"":0.33333333}},""value"":-0.13858826},{""row"":2,""col"":0,""kind"":""sparse"",""pair"":{""id"":""pair-04cdad81a35c3237"",""teamId"":""oe:team:60af568eab0264f92225ad6649bac88"",""teamName"":""Level Up esports"",""playerAId"":""oe:player:dfbb32609398e07a30933a617d2d9b7"",""playerBId"":""oe:player:ef92b55a48eb2b383af92eef0c0e738"",""playerA"":""KLOWNY"",""playerB"":""Raqo"",""stats"":{""eligible"":false,""n_games_total"":14.0,""n_games"":7.0,""n_days"":7.0,""mean_impact"":0.04427449,""shrunk_impact"":0.01823067,""ci_low"":-0.18704118,""ci_high"":0.22742083,""win_rate"":0.28571429}},""value"":0.01823067},{""row"":2,""col"":1,""kind"":""sparse"",""pair"":{""id"":""pair-7a6e20e4bf62c9a8"",""teamId"":""oe:team:60af568eab0264f92225ad6649bac88"",""teamName"":""Level Up esports"",""playerAId"":""oe:player:9312bfc44c1e0686971d076d1364713"",""playerBId"":""oe:player:ef92b55a48eb2b383af92eef0c0e738"",""playerA"":""Ryuzaki"",""playerB"":""Raqo"",""stats"":{""eligible"":false,""n_games_total"":13.0,""n_games"":6.0,""n_days"":6.0,""mean_impact"":-0.29419045,""shrunk_impact"":-0.11032142,""ci_low"":-0.19748865,""ci_high"":-0.03356235,""win_rate"":0.33333333}},""value"":-0.11032142},{""row"":2,""col"":2,""kind"":""self"",""pair"":null,""value"":null},{""row"":2,""col"":3,""kind"":""sparse"",""pair"":{""id"":""pair-7aa7059c0c5ec615"",""teamId"":""oe:team:60af568eab0264f92225ad6649bac88"",""teamName"":""Level Up esports"",""playerAId"":""oe:player:b97ef4b296486afd7f072c655c1c8fa"",""playerBId"":""oe:player:ef92b55a48eb2b383af92eef0c0e738"",""playerA"":""chopsteek"",""playerB"":""Raqo"",""stats"":{""eligible"":false,""n_games_total"":3.0,""n_games"":2.0,""n_days"":2.0,""mean_impact"":-0.12255143,""shrunk_impact"":-0.02042524,""ci_low"":null,""ci_high"":null,""win_rate"":0.0}},""value"":-0.02042524},{""row"":2,""col"":4,""kind"":""sparse"",""pair"":{""id"":""pair-a0dee5c80bc65e64"",""teamId"":""oe:team:60af568eab0264f92225ad6649bac88"",""teamName"":""Level Up esports"",""playerAId"":""oe:player:2fc47d506de431ba77f2af233f558e4"",""playerBId"":""oe:player:ef92b55a48eb2b383af92eef0c0e738"",""playerA"":""Panj"",""playerB"":""Raqo"",""stats"":{""eligible"":false,""n_games_total"":14.0,""n_games"":7.0,""n_days"":7.0,""mean_impact"":-0.56482552,""shrunk_impact"":-0.23257522,""ci_low"":-0.38441344,""ci_high"":-0.07508287,""win_rate"":0.28571429}},""value"":-0.23257522},{""row"":3,""col"":0,""kind"":""sparse"",""pair"":{""id"":""pair-71337e5aa6b68247"",""teamId"":""oe:team:60af568eab0264f92225ad6649bac88"",""teamName"":""Level Up esports"",""playerAId"":""oe:player:b97ef4b296486afd7f072c655c1c8fa"",""playerBId"":""oe:player:dfbb32609398e07a30933a617d2d9b7"",""playerA"":""chopsteek"",""playerB"":""KLOWNY"",""stats"":{""eligible"":false,""n_games_total"":3.0,""n_games"":2.0,""n_days"":2.0,""mean_impact"":-0.12916651,""shrunk_impact"":-0.02152775,""ci_low"":null,""ci_high"":null,""win_rate"":0.0}},""value"":-0.02152775},{""row"":3,""col"":1,""kind"":""sparse"",""pair"":{""id"":""pair-f3285bca27ada0e3"",""teamId"":""oe:team:60af568eab0264f92225ad6649bac88"",""teamName"":""Level Up esports"",""playerAId"":""oe:player:9312bfc44c1e0686971d076d1364713"",""playerBId"":""oe:player:b97ef4b296486afd7f072c655c1c8fa"",""playerA"":""Ryuzaki"",""playerB"":""chopsteek"",""stats"":{""eligible"":false,""n_games_total"":2.0,""n_games"":1.0,""n_days"":1.0,""mean_impact"":0.01118846,""shrunk_impact"":0.00101713,""ci_low"":null,""ci_high"":null,""win_rate"":0.0}},""value"":0.00101713},{""row"":3,""col"":2,""kind"":""sparse"",""pair"":{""id"":""pair-7aa7059c0c5ec615"",""teamId"":""oe:team:60af568eab0264f92225ad6649bac88"",""teamName"":""Level Up esports"",""playerAId"":""oe:player:b97ef4b296486afd7f072c655c1c8fa"",""playerBId"":""oe:player:ef92b55a48eb2b383af92eef0c0e738"",""playerA"":""chopsteek"",""playerB"":""Raqo"",""stats"":{""eligible"":false,""n_games_total"":3.0,""n_games"":2.0,""n_days"":2.0,""mean_impact"":-0.12255143,""shrunk_impact"":-0.02042524,""ci_low"":null,""ci_high"":null,""win_rate"":0.0}},""value"":-0.02042524},{""row"":3,""col"":3,""kind"":""self"",""pair"":null,""value"":null},{""row"":3,""col"":4,""kind"":""sparse"",""pair"":{""id"":""pair-8ef6cebc64bbcd09"",""teamId"":""oe:team:60af568eab0264f92225ad6649bac88"",""teamName"":""Level Up esports"",""playerAId"":""oe:player:2fc47d506de431ba77f2af233f558e4"",""playerBId"":""oe:player:b97ef4b296486afd7f072c655c1c8fa"",""playerA"":""Panj"",""playerB"":""chopsteek"",""stats"":{""eligible"":false,""n_games_total"":3.0,""n_games"":2.0,""n_days"":2.0,""mean_impact"":-0.90206243,""shrunk_impact"":-0.15034374,""ci_low"":null,""ci_high"":null,""win_rate"":0.0}},""value"":-0.15034374},{""row"":4,""col"":0,""kind"":""sparse"",""pair"":{""id"":""pair-9ecfa64550c9c95f"",""teamId"":""oe:team:60af568eab0264f92225ad6649bac88"",""teamName"":""Level Up esports"",""playerAId"":""oe:player:2fc47d506de431ba77f2af233f558e4"",""playerBId"":""oe:player:dfbb32609398e07a30933a617d2d9b7"",""playerA"":""Panj"",""playerB"":""KLOWNY"",""stats"":{""eligible"":false,""n_games_total"":14.0,""n_games"":7.0,""n_days"":7.0,""mean_impact"":-0.24041864,""shrunk_impact"":-0.09899591,""ci_low"":-0.37466272,""ci_high"":0.1728034,""win_rate"":0.28571429}},""value"":-0.09899591},{""row"":4,""col"":1,""kind"":""sparse"",""pair"":{""id"":""pair-b90a5ec73a44742f"",""teamId"":""oe:team:60af568eab0264f92225ad6649bac88"",""teamName"":""Level Up esports"",""playerAId"":""oe:player:2fc47d506de431ba77f2af233f558e4"",""playerBId"":""oe:player:9312bfc44c1e0686971d076d1364713"",""playerA"":""Panj"",""playerB"":""Ryuzaki"",""stats"":{""eligible"":false,""n_games_total"":13.0,""n_games"":6.0,""n_days"":6.0,""mean_impact"":-0.36956869,""shrunk_impact"":-0.13858826,""ci_low"":-0.29939775,""ci_high"":0.04545776,""win_rate"":0.33333333}},""value"":-0.13858826},{""row"":4,""col"":2,""kind"":""sparse"",""pair"":{""id"":""pair-a0dee5c80bc65e64"",""teamId"":""oe:team:60af568eab0264f92225ad6649bac88"",""teamName"":""Level Up esports"",""playerAId"":""oe:player:2fc47d506de431ba77f2af233f558e4"",""playerBId"":""oe:player:ef92b55a48eb2b383af92eef0c0e738"",""playerA"":""Panj"",""playerB"":""Raqo"",""stats"":{""eligible"":false,""n_games_total"":14.0,""n_games"":7.0,""n_days"":7.0,""mean_impact"":-0.56482552,""shrunk_impact"":-0.23257522,""ci_low"":-0.38441344,""ci_high"":-0.07508287,""win_rate"":0.28571429}},""value"":-0.23257522},{""row"":4,""col"":3,""kind"":""sparse"",""pair"":{""id"":""pair-8ef6cebc64bbcd09"",""teamId"":""oe:team:60af568eab0264f92225ad6649bac88"",""teamName"":""Level Up esports"",""playerAId"":""oe:player:2fc47d506de431ba77f2af233f558e4"",""playerBId"":""oe:player:b97ef4b296486afd7f072c655c1c8fa"",""playerA"":""Panj"",""playerB"":""chopsteek"",""stats"":{""eligible"":false,""n_games_total"":3.0,""n_games"":2.0,""n_days"":2.0,""mean_impact"":-0.90206243,""shrunk_impact"":-0.15034374,""ci_low"":null,""ci_high"":null,""win_rate"":0.0}},""value"":-0.15034374},{""row"":4,""col"":4,""kind"":""self"",""pair"":null,""value"":null}],""limit"":0.23257522,""hasEligiblePair"":false}"
lineup-0dee19a5f3409e51,oe:team:3921fffdab4f130255658ea322e1ab6,x25 Esports,2019,oe:player:dbe75751981b890185b008df9b6542e,Patkica,oe:player:11389d6d8a29729807c3cf528a98050,SPOOKY,oe:player:5ee6f2e1b3c6000a67c9dc360a63c63,twohoyrz,oe:player:5c58c2e986e8aec0ee6f2465823349a,GOLDENTO4ST,oe:player:85b3b3e91202ccada9f1f5a24dc1bfb,Cl0x,3,3,3,-0.03231805,-0.00745801,-0.15757323,0.10962802,False,0.33333333,372.83244040,1.34150562,0.20487416,0.23041573,0.20903987,0.20313103,0.21857405,0.20756404,0.21911495,0.24182089,0.20737760,0.25010423,0.14589354,0.09737980,"{""version"":1,""players"":[{""id"":""oe:player:dbe75751981b890185b008df9b6542e"",""name"":""Patkica"",""role"":""mid""},{""id"":""oe:player:11389d6d8a29729807c3cf528a98050"",""name"":""SPOOKY"",""role"":""jng""},{""id"":""oe:player:5ee6f2e1b3c6000a67c9dc360a63c63"",""name"":""twohoyrz"",""role"":""mid""},{""id"":""oe:player:5c58c2e986e8aec0ee6f2465823349a"",""name"":""GOLDENTO4ST"",""role"":""bot""},{""id"":""oe:player:85b3b3e91202ccada9f1f5a24dc1bfb"",""name"":""Cl0x"",""role"":""sup""}],""cells"":[{""row"":0,""col"":0,""kind"":""self"",""pair"":null,""value"":null},{""row"":0,""col"":1,""kind"":""sparse"",""pair"":{""id"":""pair-d0eaa9543cbd5f02"",""teamId"":""oe:team:3921fffdab4f130255658ea322e1ab6"",""teamName"":""x25 Esports"",""playerAId"":""oe:player:11389d6d8a29729807c3cf528a98050"",""playerBId"":""oe:player:dbe75751981b890185b008df9b6542e"",""playerA"":""SPOOKY"",""playerB"":""Patkica"",""stats"":{""eligible"":false,""n_games_total"":3.0,""n_games"":3.0,""n_days"":3.0,""mean_impact"":0.16317458,""shrunk_impact"":0.03765567,""ci_low"":-0.12857033,""ci_high"":0.29951493,""win_rate"":0.33333333}},""value"":0.03765567},{""row"":0,""col"":2,""kind"":""sparse"",""pair"":{""id"":""pair-18afb87da4523ae4"",""teamId"":""oe:team:3921fffdab4f130255658ea322e1ab6"",""teamName"":""x25 Esports"",""playerAId"":""oe:player:5ee6f2e1b3c6000a67c9dc360a63c63"",""playerBId"":""oe:player:dbe75751981b890185b008df9b6542e"",""playerA"":""twohoyrz"",""playerB"":""Patkica"",""stats"":{""eligible"":false,""n_games_total"":9.0,""n_games"":9.0,""n_days"":9.0,""mean_impact"":-0.29052237,""shrunk_impact"":-0.13761586,""ci_low"":-0.29157773,""ci_high"":0.00596739,""win_rate"":0.11111111}},""value"":-0.13761586},{""row"":0,""col"":3,""kind"":""eligible"",""pair"":{""id"":""pair-bf1e66b46ed5bfe2"",""teamId"":""oe:team:3921fffdab4f130255658ea322e1ab6"",""teamName"":""x25 Esports"",""playerAId"":""oe:player:5c58c2e986e8aec0ee6f2465823349a"",""playerBId"":""oe:player:dbe75751981b890185b008df9b6542e"",""playerA"":""GOLDENTO4ST"",""playerB"":""Patkica"",""stats"":{""eligible"":true,""n_games_total"":10.0,""n_games"":10.0,""n_days"":10.0,""mean_impact"":-0.01919956,""shrunk_impact"":-0.00959978,""ci_low"":-0.21749284,""ci_high"":0.18818265,""win_rate"":0.1}},""value"":-0.00959978},{""row"":0,""col"":4,""kind"":""eligible"",""pair"":{""id"":""pair-712720ca3ad47215"",""teamId"":""oe:team:3921fffdab4f130255658ea322e1ab6"",""teamName"":""x25 Esports"",""playerAId"":""oe:player:85b3b3e91202ccada9f1f5a24dc1bfb"",""playerBId"":""oe:player:dbe75751981b890185b008df9b6542e"",""playerA"":""Cl0x"",""playerB"":""Patkica"",""stats"":{""eligible"":true,""n_games_total"":10.0,""n_games"":10.0,""n_days"":10.0,""mean_impact"":0.49709328,""shrunk_impact"":0.24854664,""ci_low"":-0.14734641,""ci_high"":0.7757219,""win_rate"":0.1}},""value"":0.24854664},{""row"":1,""col"":0,""kind"":""sparse"",""pair"":{""id"":""pair-d0eaa9543cbd5f02"",""teamId"":""oe:team:3921fffdab4f130255658ea322e1ab6"",""teamName"":""x25 Esports"",""playerAId"":""oe:player:11389d6d8a29729807c3cf528a98050"",""playerBId"":""oe:player:dbe75751981b890185b008df9b6542e"",""playerA"":""SPOOKY"",""playerB"":""Patkica"",""stats"":{""eligible"":false,""n_games_total"":3.0,""n_games"":3.0,""n_days"":3.0,""mean_impact"":0.16317458,""shrunk_impact"":0.03765567,""ci_low"":-0.12857033,""ci_high"":0.29951493,""win_rate"":0.33333333}},""value"":0.03765567},{""row"":1,""col"":1,""kind"":""self"",""pair"":null,""value"":null},{""row"":1,""col"":2,""kind"":""sparse"",""pair"":{""id"":""pair-787a69e645202ca6"",""teamId"":""oe:team:3921fffdab4f130255658ea322e1ab6"",""teamName"":""x25 Esports"",""playerAId"":""oe:player:11389d6d8a29729807c3cf528a98050"",""playerBId"":""oe:player:5ee6f2e1b3c6000a67c9dc360a63c63"",""playerA"":""SPOOKY"",""playerB"":""twohoyrz"",""stats"":{""eligible"":false,""n_games_total"":3.0,""n_games"":3.0,""n_days"":3.0,""mean_impact"":0.14576442,""shrunk_impact"":0.03363794,""ci_low"":-0.069018,""ci_high"":0.2271107,""win_rate"":0.33333333}},""value"":0.03363794},{""row"":1,""col"":3,""kind"":""sparse"",""pair"":{""id"":""pair-4f189d349ceeb901"",""teamId"":""oe:team:3921fffdab4f130255658ea322e1ab6"",""teamName"":""x25 Esports"",""playerAId"":""oe:player:11389d6d8a29729807c3cf528a98050"",""playerBId"":""oe:player:5c58c2e986e8aec0ee6f2465823349a"",""playerA"":""SPOOKY"",""playerB"":""GOLDENTO4ST"",""stats"":{""eligible"":false,""n_games_total"":3.0,""n_games"":3.0,""n_days"":3.0,""mean_impact"":0.27935252,""shrunk_impact"":0.06446597,""ci_low"":-0.08980085,""ci_high"":0.25442657,""win_rate"":0.33333333}},""value"":0.06446597},{""row"":1,""col"":4,""kind"":""sparse"",""pair"":{""id"":""pair-3b8d27a19b21a65f"",""teamId"":""oe:team:3921fffdab4f130255658ea322e1ab6"",""teamName"":""x25 Esports"",""playerAId"":""oe:player:11389d6d8a29729807c3cf528a98050"",""playerBId"":""oe:player:85b3b3e91202ccada9f1f5a24dc1bfb"",""playerA"":""SPOOKY"",""playerB"":""Cl0x"",""stats"":{""eligible"":false,""n_games_total"":3.0,""n_games"":3.0,""n_days"":3.0,""mean_impact"":0.21910703,""shrunk_impact"":0.05056316,""ci_low"":-0.29865381,""ci_high"":0.25629056,""win_rate"":0.33333333}},""value"":0.05056316},{""row"":2,""col"":0,""kind"":""sparse"",""pair"":{""id"":""pair-18afb87da4523ae4"",""teamId"":""oe:team:3921fffdab4f130255658ea322e1ab6"",""teamName"":""x25 Esports"",""playerAId"":""oe:player:5ee6f2e1b3c6000a67c9dc360a63c63"",""playerBId"":""oe:player:dbe75751981b890185b008df9b6542e"",""playerA"":""twohoyrz"",""playerB"":""Patkica"",""stats"":{""eligible"":false,""n_games_total"":9.0,""n_games"":9.0,""n_days"":9.0,""mean_impact"":-0.29052237,""shrunk_impact"":-0.13761586,""ci_low"":-0.29157773,""ci_high"":0.00596739,""win_rate"":0.11111111}},""value"":-0.13761586},{""row"":2,""col"":1,""kind"":""sparse"",""pair"":{""id"":""pair-787a69e645202ca6"",""teamId"":""oe:team:3921fffdab4f130255658ea322e1ab6"",""teamName"":""x25 Esports"",""playerAId"":""oe:player:11389d6d8a29729807c3cf528a98050"",""playerBId"":""oe:player:5ee6f2e1b3c6000a67c9dc360a63c63"",""playerA"":""SPOOKY"",""playerB"":""twohoyrz"",""stats"":{""eligible"":false,""n_games_total"":3.0,""n_games"":3.0,""n_days"":3.0,""mean_impact"":0.14576442,""shrunk_impact"":0.03363794,""ci_low"":-0.069018,""ci_high"":0.2271107,""win_rate"":0.33333333}},""value"":0.03363794},{""row"":2,""col"":2,""kind"":""self"",""pair"":null,""value"":null},{""row"":2,""col"":3,""kind"":""eligible"",""pair"":{""id"":""pair-22237c0d505a6b94"",""teamId"":""oe:team:3921fffdab4f130255658ea322e1ab6"",""teamName"":""x25 Esports"",""playerAId"":""oe:player:5c58c2e986e8aec0ee6f2465823349a"",""playerBId"":""oe:player:5ee6f2e1b3c6000a67c9dc360a63c63"",""playerA"":""GOLDENTO4ST"",""playerB"":""twohoyrz"",""stats"":{""eligible"":true,""n_games_total"":12.0,""n_games"":12.0,""n_days"":12.0,""mean_impact"":0.0651274,""shrunk_impact"":0.03552404,""ci_low"":-0.1269479,""ci_high"":0.19296329,""win_rate"":0.16666667}},""value"":0.03552404},{""row"":2,""col"":4,""kind"":""eligible"",""pair"":{""id"":""pair-e76d7c897861eb6f"",""teamId"":""oe:team:3921fffdab4f130255658ea322e1ab6"",""teamName"":""x25 Esports"",""playerAId"":""oe:player:5ee6f2e1b3c6000a67c9dc360a63c63"",""playerBId"":""oe:player:85b3b3e91202ccada9f1f5a24dc1bfb"",""playerA"":""twohoyrz"",""playerB"":""Cl0x"",""stats"":{""eligible"":true,""n_games_total"":12.0,""n_games"":12.0,""n_days"":12.0,""mean_impact"":0.38879413,""shrunk_impact"":0.21206953,""ci_low"":-0.11309585,""ci_high"":0.57500615,""win_rate"":0.16666667}},""value"":0.21206953},{""row"":3,""col"":0,""kind"":""eligible"",""pair"":{""id"":""pair-bf1e66b46ed5bfe2"",""teamId"":""oe:team:3921fffdab4f130255658ea322e1ab6"",""teamName"":""x25 Esports"",""playerAId"":""oe:player:5c58c2e986e8aec0ee6f2465823349a"",""playerBId"":""oe:player:dbe75751981b890185b008df9b6542e"",""playerA"":""GOLDENTO4ST"",""playerB"":""Patkica"",""stats"":{""eligible"":true,""n_games_total"":10.0,""n_games"":10.0,""n_days"":10.0,""mean_impact"":-0.01919956,""shrunk_impact"":-0.00959978,""ci_low"":-0.21749284,""ci_high"":0.18818265,""win_rate"":0.1}},""value"":-0.00959978},{""row"":3,""col"":1,""kind"":""sparse"",""pair"":{""id"":""pair-4f189d349ceeb901"",""teamId"":""oe:team:3921fffdab4f130255658ea322e1ab6"",""teamName"":""x25 Esports"",""playerAId"":""oe:player:11389d6d8a29729807c3cf528a98050"",""playerBId"":""oe:player:5c58c2e986e8aec0ee6f2465823349a"",""playerA"":""SPOOKY"",""playerB"":""GOLDENTO4ST"",""stats"":{""eligible"":false,""n_games_total"":3.0,""n_games"":3.0,""n_days"":3.0,""mean_impact"":0.27935252,""shrunk_impact"":0.06446597,""ci_low"":-0.08980085,""ci_high"":0.25442657,""win_rate"":0.33333333}},""value"":0.06446597},{""row"":3,""col"":2,""kind"":""eligible"",""pair"":{""id"":""pair-22237c0d505a6b94"",""teamId"":""oe:team:3921fffdab4f130255658ea322e1ab6"",""teamName"":""x25 Esports"",""playerAId"":""oe:player:5c58c2e986e8aec0ee6f2465823349a"",""playerBId"":""oe:player:5ee6f2e1b3c6000a67c9dc360a63c63"",""playerA"":""GOLDENTO4ST"",""playerB"":""twohoyrz"",""stats"":{""eligible"":true,""n_games_total"":12.0,""n_games"":12.0,""n_days"":12.0,""mean_impact"":0.0651274,""shrunk_impact"":0.03552404,""ci_low"":-0.1269479,""ci_high"":0.19296329,""win_rate"":0.16666667}},""value"":0.03552404},{""row"":3,""col"":3,""kind"":""self"",""pair"":null,""value"":null},{""row"":3,""col"":4,""kind"":""eligible"",""pair"":{""id"":""pair-47846810adecf7b4"",""teamId"":""oe:team:3921fffdab4f130255658ea322e1ab6"",""teamName"":""x25 Esports"",""playerAId"":""oe:player:5c58c2e986e8aec0ee6f2465823349a"",""playerBId"":""oe:player:85b3b3e91202ccada9f1f5a24dc1bfb"",""playerA"":""GOLDENTO4ST"",""playerB"":""Cl0x"",""stats"":{""eligible"":true,""n_games_total"":13.0,""n_games"":13.0,""n_days"":13.0,""mean_impact"":0.57830262,""shrunk_impact"":0.3268667,""ci_low"":-0.02340587,""ci_high"":0.73220092,""win_rate"":0.15384615}},""value"":0.3268667},{""row"":4,""col"":0,""kind"":""eligible"",""pair"":{""id"":""pair-712720ca3ad47215"",""teamId"":""oe:team:3921fffdab4f130255658ea322e1ab6"",""teamName"":""x25 Esports"",""playerAId"":""oe:player:85b3b3e91202ccada9f1f5a24dc1bfb"",""playerBId"":""oe:player:dbe75751981b890185b008df9b6542e"",""playerA"":""Cl0x"",""playerB"":""Patkica"",""stats"":{""eligible"":true,""n_games_total"":10.0,""n_games"":10.0,""n_days"":10.0,""mean_impact"":0.49709328,""shrunk_impact"":0.24854664,""ci_low"":-0.14734641,""ci_high"":0.7757219,""win_rate"":0.1}},""value"":0.24854664},{""row"":4,""col"":1,""kind"":""sparse"",""pair"":{""id"":""pair-3b8d27a19b21a65f"",""teamId"":""oe:team:3921fffdab4f130255658ea322e1ab6"",""teamName"":""x25 Esports"",""playerAId"":""oe:player:11389d6d8a29729807c3cf528a98050"",""playerBId"":""oe:player:85b3b3e91202ccada9f1f5a24dc1bfb"",""playerA"":""SPOOKY"",""playerB"":""Cl0x"",""stats"":{""eligible"":false,""n_games_total"":3.0,""n_games"":3.0,""n_days"":3.0,""mean_impact"":0.21910703,""shrunk_impact"":0.05056316,""ci_low"":-0.29865381,""ci_high"":0.25629056,""win_rate"":0.33333333}},""value"":0.05056316},{""row"":4,""col"":2,""kind"":""eligible"",""pair"":{""id"":""pair-e76d7c897861eb6f"",""teamId"":""oe:team:3921fffdab4f130255658ea322e1ab6"",""teamName"":""x25 Esports"",""playerAId"":""oe:player:5ee6f2e1b3c6000a67c9dc360a63c63"",""playerBId"":""oe:player:85b3b3e91202ccada9f1f5a24dc1bfb"",""playerA"":""twohoyrz"",""playerB"":""Cl0x"",""stats"":{""eligible"":true,""n_games_total"":12.0,""n_games"":12.0,""n_days"":12.0,""mean_impact"":0.38879413,""shrunk_impact"":0.21206953,""ci_low"":-0.11309585,""ci_high"":0.57500615,""win_rate"":0.16666667}},""value"":0.21206953},{""row"":4,""col"":3,""kind"":""eligible"",""pair"":{""id"":""pair-47846810adecf7b4"",""teamId"":""oe:team:3921fffdab4f130255658ea322e1ab6"",""teamName"":""x25 Esports"",""playerAId"":""oe:player:5c58c2e986e8aec0ee6f2465823349a"",""playerBId"":""oe:player:85b3b3e91202ccada9f1f5a24dc1bfb"",""playerA"":""GOLDENTO4ST"",""playerB"":""Cl0x"",""stats"":{""eligible"":true,""n_games_total"":13.0,""n_games"":13.0,""n_days"":13.0,""mean_impact"":0.57830262,""shrunk_impact"":0.3268667,""ci_low"":-0.02340587,""ci_high"":0.73220092,""win_rate"":0.15384615}},""value"":0.3268667},{""row"":4,""col"":4,""kind"":""self"",""pair"":null,""value"":null}],""limit"":0.3268667,""hasEligiblePair"":true}"
lineup-1b62a314ea0e625f,oe:team:d5465e862dc30f6b659b2e4965a9f0a,Team Nerotec,2019,oe:player:dbe75751981b890185b008df9b6542e,Patkica,oe:player:81317166070e5727aa15670f1d996b3,Lotuss,oe:player:63ad3072dc5472bb44c2c42ede26d90,Darkness,oe:player:48286415b984816ee2d490a44ae4904,KatteN,oe:player:10a51ece9386182d96378516741203f,Prayer,1,1,1,-0.25453026,-0.02313911,,,False,0.00000000,283.82168675,0.93975904,0.21252477,0.25847097,0.21962488,0.18070908,0.17530821,0.12508278,0.27360836,0.40155876,0.20910438,0.20154348,0.12235418,0.09110590,"{""version"":1,""players"":[{""id"":""oe:player:dbe75751981b890185b008df9b6542e"",""name"":""Patkica"",""role"":""top""},{""id"":""oe:player:81317166070e5727aa15670f1d996b3"",""name"":""Lotuss"",""role"":""jng""},{""id"":""oe:player:63ad3072dc5472bb44c2c42ede26d90"",""name"":""Darkness"",""role"":""mid""},{""id"":""oe:player:48286415b984816ee2d490a44ae4904"",""name"":""KatteN"",""role"":""bot""},{""id"":""oe:player:10a51ece9386182d96378516741203f"",""name"":""Prayer"",""role"":""sup""}],""cells"":[{""row"":0,""col"":0,""kind"":""self"",""pair"":null,""value"":null},{""row"":0,""col"":1,""kind"":""sparse"",""pair"":{""id"":""pair-090642cb9fe8766e"",""teamId"":""oe:team:d5465e862dc30f6b659b2e4965a9f0a"",""teamName"":""Team Nerotec"",""playerAId"":""oe:player:81317166070e5727aa15670f1d996b3"",""playerBId"":""oe:player:dbe75751981b890185b008df9b6542e"",""playerA"":""Lotuss"",""playerB"":""Patkica"",""stats"":{""eligible"":false,""n_games_total"":14.0,""n_games"":7.0,""n_days"":6.0,""mean_impact"":-0.06516568,""shrunk_impact"":-0.02683293,""ci_low"":-0.22255723,""ci_high"":0.17563484,""win_rate"":0.14285714}},""value"":-0.02683293},{""row"":0,""col"":2,""kind"":""sparse"",""pair"":{""id"":""pair-887d23780a0c6e4d"",""teamId"":""oe:team:d5465e862dc30f6b659b2e4965a9f0a"",""teamName"":""Team Nerotec"",""playerAId"":""oe:player:63ad3072dc5472bb44c2c42ede26d90"",""playerBId"":""oe:player:dbe75751981b890185b008df9b6542e"",""playerA"":""Darkness"",""playerB"":""Patkica"",""stats"":{""eligible"":false,""n_games_total"":8.0,""n_games"":7.0,""n_days"":6.0,""mean_impact"":0.4307278,""shrunk_impact"":0.1773585,""ci_low"":-0.0258667,""ci_high"":0.33695812,""win_rate"":0.14285714}},""value"":0.1773585},{""row"":0,""col"":3,""kind"":""sparse"",""pair"":{""id"":""pair-6be499b053aea153"",""teamId"":""oe:team:d5465e862dc30f6b659b2e4965a9f0a"",""teamName"":""Team Nerotec"",""playerAId"":""oe:player:48286415b984816ee2d490a44ae4904"",""playerBId"":""oe:player:dbe75751981b890185b008df9b6542e"",""playerA"":""KatteN"",""playerB"":""Patkica"",""stats"":{""eligible"":false,""n_games_total"":14.0,""n_games"":7.0,""n_days"":6.0,""mean_impact"":-0.2082431,""shrunk_impact"":-0.08574716,""ci_low"":-0.34158451,""ci_high"":0.14194198,""win_rate"":0.14285714}},""value"":-0.08574716},{""row"":0,""col"":4,""kind"":""sparse"",""pair"":{""id"":""pair-2b82fa7f26e35e5f"",""teamId"":""oe:team:d5465e862dc30f6b659b2e4965a9f0a"",""teamName"":""Team Nerotec"",""playerAId"":""oe:player:10a51ece9386182d96378516741203f"",""playerBId"":""oe:player:dbe75751981b890185b008df9b6542e"",""playerA"":""Prayer"",""playerB"":""Patkica"",""stats"":{""eligible"":false,""n_games_total"":1.0,""n_games"":1.0,""n_days"":1.0,""mean_impact"":-0.39812608,""shrunk_impact"":-0.03619328,""ci_low"":null,""ci_high"":null,""win_rate"":0.0}},""value"":-0.03619328},{""row"":1,""col"":0,""kind"":""sparse"",""pair"":{""id"":""pair-090642cb9fe8766e"",""teamId"":""oe:team:d5465e862dc30f6b659b2e4965a9f0a"",""teamName"":""Team Nerotec"",""playerAId"":""oe:player:81317166070e5727aa15670f1d996b3"",""playerBId"":""oe:player:dbe75751981b890185b008df9b6542e"",""playerA"":""Lotuss"",""playerB"":""Patkica"",""stats"":{""eligible"":false,""n_games_total"":14.0,""n_games"":7.0,""n_days"":6.0,""mean_impact"":-0.06516568,""shrunk_impact"":-0.02683293,""ci_low"":-0.22255723,""ci_high"":0.17563484,""win_rate"":0.14285714}},""value"":-0.02683293},{""row"":1,""col"":1,""kind"":""self"",""pair"":null,""value"":null},{""row"":1,""col"":2,""kind"":""sparse"",""pair"":{""id"":""pair-40a5137ceb2ec3a8"",""teamId"":""oe:team:d5465e862dc30f6b659b2e4965a9f0a"",""teamName"":""Team Nerotec"",""playerAId"":""oe:player:63ad3072dc5472bb44c2c42ede26d90"",""playerBId"":""oe:player:81317166070e5727aa15670f1d996b3"",""playerA"":""Darkness"",""playerB"":""Lotuss"",""stats"":{""eligible"":false,""n_games_total"":8.0,""n_games"":7.0,""n_days"":6.0,""mean_impact"":0.16219034,""shrunk_impact"":0.06678426,""ci_low"":-0.08383555,""ci_high"":0.17420504,""win_rate"":0.14285714}},""value"":0.06678426},{""row"":1,""col"":3,""kind"":""sparse"",""pair"":{""id"":""pair-fb145af6ae3862ba"",""teamId"":""oe:team:d5465e862dc30f6b659b2e4965a9f0a"",""teamName"":""Team Nerotec"",""playerAId"":""oe:player:48286415b984816ee2d490a44ae4904"",""playerBId"":""oe:player:81317166070e5727aa15670f1d996b3"",""playerA"":""KatteN"",""playerB"":""Lotuss"",""stats"":{""eligible"":false,""n_games_total"":14.0,""n_games"":7.0,""n_days"":6.0,""mean_impact"":-0.47678056,""shrunk_impact"":-0.19632141,""ci_low"":-0.36691734,""ci_high"":-0.02753199,""win_rate"":0.14285714}},""value"":-0.19632141},{""row"":1,""col"":4,""kind"":""sparse"",""pair"":{""id"":""pair-42b08da8e8b7b84f"",""teamId"":""oe:team:d5465e862dc30f6b659b2e4965a9f0a"",""teamName"":""Team Nerotec"",""playerAId"":""oe:player:10a51ece9386182d96378516741203f"",""playerBId"":""oe:player:81317166070e5727aa15670f1d996b3"",""playerA"":""Prayer"",""playerB"":""Lotuss"",""stats"":{""eligible"":false,""n_games_total"":1.0,""n_games"":1.0,""n_days"":1.0,""mean_impact"":-0.45878908,""shrunk_impact"":-0.0417081,""ci_low"":null,""ci_high"":null,""win_rate"":0.0}},""value"":-0.0417081},{""row"":2,""col"":0,""kind"":""sparse"",""pair"":{""id"":""pair-887d23780a0c6e4d"",""teamId"":""oe:team:d5465e862dc30f6b659b2e4965a9f0a"",""teamName"":""Team Nerotec"",""playerAId"":""oe:player:63ad3072dc5472bb44c2c42ede26d90"",""playerBId"":""oe:player:dbe75751981b890185b008df9b6542e"",""playerA"":""Darkness"",""playerB"":""Patkica"",""stats"":{""eligible"":false,""n_games_total"":8.0,""n_games"":7.0,""n_days"":6.0,""mean_impact"":0.4307278,""shrunk_impact"":0.1773585,""ci_low"":-0.0258667,""ci_high"":0.33695812,""win_rate"":0.14285714}},""value"":0.1773585},{""row"":2,""col"":1,""kind"":""sparse"",""pair"":{""id"":""pair-40a5137ceb2ec3a8"",""teamId"":""oe:team:d5465e862dc30f6b659b2e4965a9f0a"",""teamName"":""Team Nerotec"",""playerAId"":""oe:player:63ad3072dc5472bb44c2c42ede26d90"",""playerBId"":""oe:player:81317166070e5727aa15670f1d996b3"",""playerA"":""Darkness"",""playerB"":""Lotuss"",""stats"":{""eligible"":false,""n_games_total"":8.0,""n_games"":7.0,""n_days"":6.0,""mean_impact"":0.16219034,""shrunk_impact"":0.06678426,""ci_low"":-0.08383555,""ci_high"":0.17420504,""win_rate"":0.14285714}},""value"":0.06678426},{""row"":2,""col"":2,""kind"":""self"",""pair"":null,""value"":null},{""row"":2,""col"":3,""kind"":""sparse"",""pair"":{""id"":""pair-8f5ef120fcfd73fc"",""teamId"":""oe:team:d5465e862dc30f6b659b2e4965a9f0a"",""teamName"":""Team Nerotec"",""playerAId"":""oe:player:48286415b984816ee2d490a44ae4904"",""playerBId"":""oe:player:63ad3072dc5472bb44c2c42ede26d90"",""playerA"":""KatteN"",""playerB"":""Darkness"",""stats"":{""eligible"":false,""n_games_total"":8.0,""n_games"":7.0,""n_days"":6.0,""mean_impact"":0.01911292,""shrunk_impact"":0.00787002,""ci_low"":-0.14704434,""ci_high"":0.11348112,""win_rate"":0.14285714}},""value"":0.00787002},{""row"":2,""col"":4,""kind"":""sparse"",""pair"":{""id"":""pair-d27b03f26d5b2f77"",""teamId"":""oe:team:d5465e862dc30f6b659b2e4965a9f0a"",""teamName"":""Team Nerotec"",""playerAId"":""oe:player:10a51ece9386182d96378516741203f"",""playerBId"":""oe:player:63ad3072dc5472bb44c2c42ede26d90"",""playerA"":""Prayer"",""playerB"":""Darkness"",""stats"":{""eligible"":false,""n_games_total"":1.0,""n_games"":1.0,""n_days"":1.0,""mean_impact"":0.15261624,""shrunk_impact"":0.0138742,""ci_low"":null,""ci_high"":null,""win_rate"":0.0}},""value"":0.0138742},{""row"":3,""col"":0,""kind"":""sparse"",""pair"":{""id"":""pair-6be499b053aea153"",""teamId"":""oe:team:d5465e862dc30f6b659b2e4965a9f0a"",""teamName"":""Team Nerotec"",""playerAId"":""oe:player:48286415b984816ee2d490a44ae4904"",""playerBId"":""oe:player:dbe75751981b890185b008df9b6542e"",""playerA"":""KatteN"",""playerB"":""Patkica"",""stats"":{""eligible"":false,""n_games_total"":14.0,""n_games"":7.0,""n_days"":6.0,""mean_impact"":-0.2082431,""shrunk_impact"":-0.08574716,""ci_low"":-0.34158451,""ci_high"":0.14194198,""win_rate"":0.14285714}},""value"":-0.08574716},{""row"":3,""col"":1,""kind"":""sparse"",""pair"":{""id"":""pair-fb145af6ae3862ba"",""teamId"":""oe:team:d5465e862dc30f6b659b2e4965a9f0a"",""teamName"":""Team Nerotec"",""playerAId"":""oe:player:48286415b984816ee2d490a44ae4904"",""playerBId"":""oe:player:81317166070e5727aa15670f1d996b3"",""playerA"":""KatteN"",""playerB"":""Lotuss"",""stats"":{""eligible"":false,""n_games_total"":14.0,""n_games"":7.0,""n_days"":6.0,""mean_impact"":-0.47678056,""shrunk_impact"":-0.19632141,""ci_low"":-0.36691734,""ci_high"":-0.02753199,""win_rate"":0.14285714}},""value"":-0.19632141},{""row"":3,""col"":2,""kind"":""sparse"",""pair"":{""id"":""pair-8f5ef120fcfd73fc"",""teamId"":""oe:team:d5465e862dc30f6b659b2e4965a9f0a"",""teamName"":""Team Nerotec"",""playerAId"":""oe:player:48286415b984816ee2d490a44ae4904"",""playerBId"":""oe:player:63ad3072dc5472bb44c2c42ede26d90"",""playerA"":""KatteN"",""playerB"":""Darkness"",""stats"":{""eligible"":false,""n_games_total"":8.0,""n_games"":7.0,""n_days"":6.0,""mean_impact"":0.01911292,""shrunk_impact"":0.00787002,""ci_low"":-0.14704434,""ci_high"":0.11348112,""win_rate"":0.14285714}},""value"":0.00787002},{""row"":3,""col"":3,""kind"":""self"",""pair"":null,""value"":null},{""row"":3,""col"":4,""kind"":""sparse"",""pair"":{""id"":""pair-0fc8b9975397fc2e"",""teamId"":""oe:team:d5465e862dc30f6b659b2e4965a9f0a"",""teamName"":""Team Nerotec"",""playerAId"":""oe:player:10a51ece9386182d96378516741203f"",""playerBId"":""oe:player:48286415b984816ee2d490a44ae4904"",""playerA"":""Prayer"",""playerB"":""KatteN"",""stats"":{""eligible"":false,""n_games_total"":1.0,""n_games"":1.0,""n_days"":1.0,""mean_impact"":-0.57003068,""shrunk_impact"":-0.05182097,""ci_low"":null,""ci_high"":null,""win_rate"":0.0}},""value"":-0.05182097},{""row"":4,""col"":0,""kind"":""sparse"",""pair"":{""id"":""pair-2b82fa7f26e35e5f"",""teamId"":""oe:team:d5465e862dc30f6b659b2e4965a9f0a"",""teamName"":""Team Nerotec"",""playerAId"":""oe:player:10a51ece9386182d96378516741203f"",""playerBId"":""oe:player:dbe75751981b890185b008df9b6542e"",""playerA"":""Prayer"",""playerB"":""Patkica"",""stats"":{""eligible"":false,""n_games_total"":1.0,""n_games"":1.0,""n_days"":1.0,""mean_impact"":-0.39812608,""shrunk_impact"":-0.03619328,""ci_low"":null,""ci_high"":null,""win_rate"":0.0}},""value"":-0.03619328},{""row"":4,""col"":1,""kind"":""sparse"",""pair"":{""id"":""pair-42b08da8e8b7b84f"",""teamId"":""oe:team:d5465e862dc30f6b659b2e4965a9f0a"",""teamName"":""Team Nerotec"",""playerAId"":""oe:player:10a51ece9386182d96378516741203f"",""playerBId"":""oe:player:81317166070e5727aa15670f1d996b3"",""playerA"":""Prayer"",""playerB"":""Lotuss"",""stats"":{""eligible"":false,""n_games_total"":1.0,""n_games"":1.0,""n_days"":1.0,""mean_impact"":-0.45878908,""shrunk_impact"":-0.0417081,""ci_low"":null,""ci_high"":null,""win_rate"":0.0}},""value"":-0.0417081},{""row"":4,""col"":2,""kind"":""sparse"",""pair"":{""id"":""pair-d27b03f26d5b2f77"",""teamId"":""oe:team:d5465e862dc30f6b659b2e4965a9f0a"",""teamName"":""Team Nerotec"",""playerAId"":""oe:player:10a51ece9386182d96378516741203f"",""playerBId"":""oe:player:63ad3072dc5472bb44c2c42ede26d90"",""playerA"":""Prayer"",""playerB"":""Darkness"",""stats"":{""eligible"":false,""n_games_total"":1.0,""n_games"":1.0,""n_days"":1.0,""mean_impact"":0.15261624,""shrunk_impact"":0.0138742,""ci_low"":null,""ci_high"":null,""win_rate"":0.0}},""value"":0.0138742},{""row"":4,""col"":3,""kind"":""sparse"",""pair"":{""id"":""pair-0fc8b9975397fc2e"",""teamId"":""oe:team:d5465e862dc30f6b659b2e4965a9f0a"",""teamName"":""Team Nerotec"",""playerAId"":""oe:player:10a51ece9386182d96378516741203f"",""playerBId"":""oe:player:48286415b984816ee2d490a44ae4904"",""playerA"":""Prayer"",""playerB"":""KatteN"",""stats"":{""eligible"":false,""n_games_total"":1.0,""n_games"":1.0,""n_days"":1.0,""mean_impact"":-0.57003068,""shrunk_impact"":-0.05182097,""ci_low"":null,""ci_high"":null,""win_rate"":0.0}},""value"":-0.05182097},{""row"":4,""col"":4,""kind"":""self"",""pair"":null,""value"":null}],""limit"":0.19632141,""hasEligiblePair"":false}"
lineup-1dab3a0fb26e0a0a,oe:team:6e30eb8b4abb3420042ac3a2eef5f23,Upper Echelon,2019,oe:player:1e46a840a80e3203f415214656b7279,Hahster,oe:player:59d3e9c49ec3cdfe1f3cc242209ff03,Cheelm,oe:player:43e21a17cd993cd43771f7c828b8853,Deluxe,oe:player:f68ab895a114867a49782062397008e,iTK,oe:player:87b078185d3ab4c8b6efe97f6e6a749,prmk,10,10,10,0.16444425,0.08222212,-0.19228695,0.36149418,True,0.50000000,435.60064789,1.24048199,0.20701053,0.23201345,0.21908225,0.19315664,0.18744873,0.17298654,0.22076244,0.27829539,0.22514988,0.23493667,0.14755670,0.12062475,"{""version"":1,""players"":[{""id"":""oe:player:1e46a840a80e3203f415214656b7279"",""name"":""Hahster"",""role"":""top""},{""id"":""oe:player:59d3e9c49ec3cdfe1f3cc242209ff03"",""name"":""Cheelm"",""role"":""jng""},{""id"":""oe:player:43e21a17cd993cd43771f7c828b8853"",""name"":""Deluxe"",""role"":""mid""},{""id"":""oe:player:f68ab895a114867a49782062397008e"",""name"":""iTK"",""role"":""bot""},{""id"":""oe:player:87b078185d3ab4c8b6efe97f6e6a749"",""name"":""prmk"",""role"":""sup""}],""cells"":[{""row"":0,""col"":0,""kind"":""self"",""pair"":null,""value"":null},{""row"":0,""col"":1,""kind"":""eligible"",""pair"":{""id"":""pair-8185e29f7c17fcce"",""teamId"":""oe:team:6e30eb8b4abb3420042ac3a2eef5f23"",""teamName"":""Upper Echelon"",""playerAId"":""oe:player:1e46a840a80e3203f415214656b7279"",""playerBId"":""oe:player:59d3e9c49ec3cdfe1f3cc242209ff03"",""playerA"":""Hahster"",""playerB"":""Cheelm"",""stats"":{""eligible"":true,""n_games_total"":14.0,""n_games"":14.0,""n_days"":14.0,""mean_impact"":0.11866893,""shrunk_impact"":0.06922354,""ci_low"":-0.1675417,""ci_high"":0.31992927,""win_rate"":0.42857143}},""value"":0.06922354},{""row"":0,""col"":2,""kind"":""eligible"",""pair"":{""id"":""pair-d68d106b43f5e1aa"",""teamId"":""oe:team:6e30eb8b4abb3420042ac3a2eef5f23"",""teamName"":""Upper Echelon"",""playerAId"":""oe:player:1e46a840a80e3203f415214656b7279"",""playerBId"":""oe:player:43e21a17cd993cd43771f7c828b8853"",""playerA"":""Hahster"",""playerB"":""Deluxe"",""stats"":{""eligible"":true,""n_games_total"":13.0,""n_games"":13.0,""n_days"":13.0,""mean_impact"":0.36249837,""shrunk_impact"":0.20489038,""ci_low"":-0.13040729,""ci_high"":0.54645446,""win_rate"":0.46153846}},""value"":0.20489038},{""row"":0,""col"":3,""kind"":""eligible"",""pair"":{""id"":""pair-1b2f32cf39ac5d31"",""teamId"":""oe:team:6e30eb8b4abb3420042ac3a2eef5f23"",""teamName"":""Upper Echelon"",""playerAId"":""oe:player:1e46a840a80e3203f415214656b7279"",""playerBId"":""oe:player:f68ab895a114867a49782062397008e"",""playerA"":""Hahster"",""playerB"":""iTK"",""stats"":{""eligible"":true,""n_games_total"":12.0,""n_games"":12.0,""n_days"":12.0,""mean_impact"":-0.04921521,""shrunk_impact"":-0.02684466,""ci_low"":-0.35718696,""ci_high"":0.34933511,""win_rate"":0.41666667}},""value"":-0.02684466},{""row"":0,""col"":4,""kind"":""eligible"",""pair"":{""id"":""pair-c6d3df5b128fa3f2"",""teamId"":""oe:team:6e30eb8b4abb3420042ac3a2eef5f23"",""teamName"":""Upper Echelon"",""playerAId"":""oe:player:1e46a840a80e3203f415214656b7279"",""playerBId"":""oe:player:87b078185d3ab4c8b6efe97f6e6a749"",""playerA"":""Hahster"",""playerB"":""prmk"",""stats"":{""eligible"":true,""n_games_total"":12.0,""n_games"":12.0,""n_days"":12.0,""mean_impact"":0.3264021,""shrunk_impact"":0.17803751,""ci_low"":-0.11849293,""ci_high"":0.48873671,""win_rate"":0.5}},""value"":0.17803751},{""row"":1,""col"":0,""kind"":""eligible"",""pair"":{""id"":""pair-8185e29f7c17fcce"",""teamId"":""oe:team:6e30eb8b4abb3420042ac3a2eef5f23"",""teamName"":""Upper Echelon"",""playerAId"":""oe:player:1e46a840a80e3203f415214656b7279"",""playerBId"":""oe:player:59d3e9c49ec3cdfe1f3cc242209ff03"",""playerA"":""Hahster"",""playerB"":""Cheelm"",""stats"":{""eligible"":true,""n_games_total"":14.0,""n_games"":14.0,""n_days"":14.0,""mean_impact"":0.11866893,""shrunk_impact"":0.06922354,""ci_low"":-0.1675417,""ci_high"":0.31992927,""win_rate"":0.42857143}},""value"":0.06922354},{""row"":1,""col"":1,""kind"":""self"",""pair"":null,""value"":null},{""row"":1,""col"":2,""kind"":""eligible"",""pair"":{""id"":""pair-a26508fd09075cef"",""teamId"":""oe:team:6e30eb8b4abb3420042ac3a2eef5f23"",""teamName"":""Upper Echelon"",""playerAId"":""oe:player:43e21a17cd993cd43771f7c828b8853"",""playerBId"":""oe:player:59d3e9c49ec3cdfe1f3cc242209ff03"",""playerA"":""Deluxe"",""playerB"":""Cheelm"",""stats"":{""eligible"":true,""n_games_total"":13.0,""n_games"":13.0,""n_days"":13.0,""mean_impact"":0.30161,""shrunk_impact"":0.17047522,""ci_low"":-0.10405121,""ci_high"":0.45275685,""win_rate"":0.46153846}},""value"":0.17047522},{""row"":1,""col"":3,""kind"":""eligible"",""pair"":{""id"":""pair-344ece095dc8ecfa"",""teamId"":""oe:team:6e30eb8b4abb3420042ac3a2eef5f23"",""teamName"":""Upper Echelon"",""playerAId"":""oe:player:59d3e9c49ec3cdfe1f3cc242209ff03"",""playerBId"":""oe:player:f68ab895a114867a49782062397008e"",""playerA"":""Cheelm"",""playerB"":""iTK"",""stats"":{""eligible"":true,""n_games_total"":12.0,""n_games"":12.0,""n_days"":12.0,""mean_impact"":0.00786614,""shrunk_impact"":0.00429062,""ci_low"":-0.26843782,""ci_high"":0.25506856,""win_rate"":0.41666667}},""value"":0.00429062},{""row"":1,""col"":4,""kind"":""eligible"",""pair"":{""id"":""pair-8e2d5c0ce4e52f6a"",""teamId"":""oe:team:6e30eb8b4abb3420042ac3a2eef5f23"",""teamName"":""Upper Echelon"",""playerAId"":""oe:player:59d3e9c49ec3cdfe1f3cc242209ff03"",""playerBId"":""oe:player:87b078185d3ab4c8b6efe97f6e6a749"",""playerA"":""Cheelm"",""playerB"":""prmk"",""stats"":{""eligible"":true,""n_games_total"":12.0,""n_games"":12.0,""n_days"":12.0,""mean_impact"":0.32813189,""shrunk_impact"":0.17898103,""ci_low"":-0.0570434,""ci_high"":0.41330377,""win_rate"":0.5}},""value"":0.17898103},{""row"":2,""col"":0,""kind"":""eligible"",""pair"":{""id"":""pair-d68d106b43f5e1aa"",""teamId"":""oe:team:6e30eb8b4abb3420042ac3a2eef5f23"",""teamName"":""Upper Echelon"",""playerAId"":""oe:player:1e46a840a80e3203f415214656b7279"",""playerBId"":""oe:player:43e21a17cd993cd43771f7c828b8853"",""playerA"":""Hahster"",""playerB"":""Deluxe"",""stats"":{""eligible"":true,""n_games_total"":13.0,""n_games"":13.0,""n_days"":13.0,""mean_impact"":0.36249837,""shrunk_impact"":0.20489038,""ci_low"":-0.13040729,""ci_high"":0.54645446,""win_rate"":0.46153846}},""value"":0.20489038},{""row"":2,""col"":1,""kind"":""eligible"",""pair"":{""id"":""pair-a26508fd09075cef"",""teamId"":""oe:team:6e30eb8b4abb3420042ac3a2eef5f23"",""teamName"":""Upper Echelon"",""playerAId"":""oe:player:43e21a17cd993cd43771f7c828b8853"",""playerBId"":""oe:player:59d3e9c49ec3cdfe1f3cc242209ff03"",""playerA"":""Deluxe"",""playerB"":""Cheelm"",""stats"":{""eligible"":true,""n_games_total"":13.0,""n_games"":13.0,""n_days"":13.0,""mean_impact"":0.30161,""shrunk_impact"":0.17047522,""ci_low"":-0.10405121,""ci_high"":0.45275685,""win_rate"":0.46153846}},""value"":0.17047522},{""row"":2,""col"":2,""kind"":""self"",""pair"":null,""value"":null},{""row"":2,""col"":3,""kind"":""eligible"",""pair"":{""id"":""pair-08880523536b007d"",""teamId"":""oe:team:6e30eb8b4abb3420042ac3a2eef5f23"",""teamName"":""Upper Echelon"",""playerAId"":""oe:player:43e21a17cd993cd43771f7c828b8853"",""playerBId"":""oe:player:f68ab895a114867a49782062397008e"",""playerA"":""Deluxe"",""playerB"":""iTK"",""stats"":{""eligible"":true,""n_games_total"":11.0,""n_games"":11.0,""n_days"":11.0,""mean_impact"":0.1560917,""shrunk_impact"":0.08176232,""ci_low"":-0.22655234,""ci_high"":0.43912818,""win_rate"":0.45454545}},""value"":0.08176232},{""row"":2,""col"":4,""kind"":""eligible"",""pair"":{""id"":""pair-4e85e6d81db35dd8"",""teamId"":""oe:team:6e30eb8b4abb3420042ac3a2eef5f23"",""teamName"":""Upper Echelon"",""playerAId"":""oe:player:43e21a17cd993cd43771f7c828b8853"",""playerBId"":""oe:player:87b078185d3ab4c8b6efe97f6e6a749"",""playerA"":""Deluxe"",""playerB"":""prmk"",""stats"":{""eligible"":true,""n_games_total"":12.0,""n_games"":12.0,""n_days"":12.0,""mean_impact"":0.55826968,""shrunk_impact"":0.30451074,""ci_low"":0.00013034,""ci_high"":0.6110667,""win_rate"":0.5}},""value"":0.30451074},{""row"":3,""col"":0,""kind"":""eligible"",""pair"":{""id"":""pair-1b2f32cf39ac5d31"",""teamId"":""oe:team:6e30eb8b4abb3420042ac3a2eef5f23"",""teamName"":""Upper Echelon"",""playerAId"":""oe:player:1e46a840a80e3203f415214656b7279"",""playerBId"":""oe:player:f68ab895a114867a49782062397008e"",""playerA"":""Hahster"",""playerB"":""iTK"",""stats"":{""eligible"":true,""n_games_total"":12.0,""n_games"":12.0,""n_days"":12.0,""mean_impact"":-0.04921521,""shrunk_impact"":-0.02684466,""ci_low"":-0.35718696,""ci_high"":0.34933511,""win_rate"":0.41666667}},""value"":-0.02684466},{""row"":3,""col"":1,""kind"":""eligible"",""pair"":{""id"":""pair-344ece095dc8ecfa"",""teamId"":""oe:team:6e30eb8b4abb3420042ac3a2eef5f23"",""teamName"":""Upper Echelon"",""playerAId"":""oe:player:59d3e9c49ec3cdfe1f3cc242209ff03"",""playerBId"":""oe:player:f68ab895a114867a49782062397008e"",""playerA"":""Cheelm"",""playerB"":""iTK"",""stats"":{""eligible"":true,""n_games_total"":12.0,""n_games"":12.0,""n_days"":12.0,""mean_impact"":0.00786614,""shrunk_impact"":0.00429062,""ci_low"":-0.26843782,""ci_high"":0.25506856,""win_rate"":0.41666667}},""value"":0.00429062},{""row"":3,""col"":2,""kind"":""eligible"",""pair"":{""id"":""pair-08880523536b007d"",""teamId"":""oe:team:6e30eb8b4abb3420042ac3a2eef5f23"",""teamName"":""Upper Echelon"",""playerAId"":""oe:player:43e21a17cd993cd43771f7c828b8853"",""playerBId"":""oe:player:f68ab895a114867a49782062397008e"",""playerA"":""Deluxe"",""playerB"":""iTK"",""stats"":{""eligible"":true,""n_games_total"":11.0,""n_games"":11.0,""n_days"":11.0,""mean_impact"":0.1560917,""shrunk_impact"":0.08176232,""ci_low"":-0.22655234,""ci_high"":0.43912818,""win_rate"":0.45454545}},""value"":0.08176232},{""row"":3,""col"":3,""kind"":""self"",""pair"":null,""value"":null},{""row"":3,""col"":4,""kind"":""eligible"",""pair"":{""id"":""pair-9c4707d27f426939"",""teamId"":""oe:team:6e30eb8b4abb3420042ac3a2eef5f23"",""teamName"":""Upper Echelon"",""playerAId"":""oe:player:87b078185d3ab4c8b6efe97f6e6a749"",""playerBId"":""oe:player:f68ab895a114867a49782062397008e"",""playerA"":""prmk"",""playerB"":""iTK"",""stats"":{""eligible"":true,""n_games_total"":10.0,""n_games"":10.0,""n_days"":10.0,""mean_impact"":0.09106022,""shrunk_impact"":0.04553011,""ci_low"":-0.20077166,""ci_high"":0.30123968,""win_rate"":0.5}},""value"":0.04553011},{""row"":4,""col"":0,""kind"":""eligible"",""pair"":{""id"":""pair-c6d3df5b128fa3f2"",""teamId"":""oe:team:6e30eb8b4abb3420042ac3a2eef5f23"",""teamName"":""Upper Echelon"",""playerAId"":""oe:player:1e46a840a80e3203f415214656b7279"",""playerBId"":""oe:player:87b078185d3ab4c8b6efe97f6e6a749"",""playerA"":""Hahster"",""playerB"":""prmk"",""stats"":{""eligible"":true,""n_games_total"":12.0,""n_games"":12.0,""n_days"":12.0,""mean_impact"":0.3264021,""shrunk_impact"":0.17803751,""ci_low"":-0.11849293,""ci_high"":0.48873671,""win_rate"":0.5}},""value"":0.17803751},{""row"":4,""col"":1,""kind"":""eligible"",""pair"":{""id"":""pair-8e2d5c0ce4e52f6a"",""teamId"":""oe:team:6e30eb8b4abb3420042ac3a2eef5f23"",""teamName"":""Upper Echelon"",""playerAId"":""oe:player:59d3e9c49ec3cdfe1f3cc242209ff03"",""playerBId"":""oe:player:87b078185d3ab4c8b6efe97f6e6a749"",""playerA"":""Cheelm"",""playerB"":""prmk"",""stats"":{""eligible"":true,""n_games_total"":12.0,""n_games"":12.0,""n_days"":12.0,""mean_impact"":0.32813189,""shrunk_impact"":0.17898103,""ci_low"":-0.0570434,""ci_high"":0.41330377,""win_rate"":0.5}},""value"":0.17898103},{""row"":4,""col"":2,""kind"":""eligible"",""pair"":{""id"":""pair-4e85e6d81db35dd8"",""teamId"":""oe:team:6e30eb8b4abb3420042ac3a2eef5f23"",""teamName"":""Upper Echelon"",""playerAId"":""oe:player:43e21a17cd993cd43771f7c828b8853"",""playerBId"":""oe:player:87b078185d3ab4c8b6efe97f6e6a749"",""playerA"":""Deluxe"",""playerB"":""prmk"",""stats"":{""eligible"":true,""n_games_total"":12.0,""n_games"":12.0,""n_days"":12.0,""mean_impact"":0.55826968,""shrunk_impact"":0.30451074,""ci_low"":0.00013034,""ci_high"":0.6110667,""win_rate"":0.5}},""value"":0.30451074},{""row"":4,""col"":3,""kind"":""eligible"",""pair"":{""id"":""pair-9c4707d27f426939"",""teamId"":""oe:team:6e30eb8b4abb3420042ac3a2eef5f23"",""teamName"":""Upper Echelon"",""playerAId"":""oe:player:87b078185d3ab4c8b6efe97f6e6a749"",""playerBId"":""oe:player:f68ab895a114867a49782062397008e"",""playerA"":""prmk"",""playerB"":""iTK"",""stats"":{""eligible"":true,""n_games_total"":10.0,""n_games"":10.0,""n_days"":10.0,""mean_impact"":0.09106022,""shrunk_impact"":0.04553011,""ci_low"":-0.20077166,""ci_high"":0.30123968,""win_rate"":0.5}},""value"":0.04553011},{""row"":4,""col"":4,""kind"":""self"",""pair"":null,""value"":null}],""limit"":0.30451074,""hasEligiblePair"":true}"
lineup-22c891a36a34df0a,oe:team:f4b807048502e27f01499f06b235a9a,Crvena zvezda Esports,2019,oe:player:d8a389075cec97fa2685ff19c589ab4,Quinncidence,oe:player:6bc01a5be22b28e27cf296c2f59eecd,Marrow Ooze,name-player-d72bd85e71031dbd,unknown player,oe:player:5c58c2e986e8aec0ee6f2465823349a,GOLDENTO4ST,oe:player:85b3b3e91202ccada9f1f5a24dc1bfb,Cl0x,1,1,1,-0.92848399,-0.08440764,,,False,0.00000000,253.74162679,0.95693780,0.20357709,0.21993838,0.22313829,0.18151305,0.20257686,0.19693770,0.19797056,0.20372605,0.22524116,0.30743702,0.15107313,0.11038618,"{""version"":1,""players"":[{""id"":""oe:player:d8a389075cec97fa2685ff19c589ab4"",""name"":""Quinncidence"",""role"":""top""},{""id"":""oe:player:6bc01a5be22b28e27cf296c2f59eecd"",""name"":""Marrow Ooze"",""role"":""mid""},{""id"":""name-player-d72bd85e71031dbd"",""name"":""unknown player"",""role"":""mid""},{""id"":""oe:player:5c58c2e986e8aec0ee6f2465823349a"",""name"":""GOLDENTO4ST"",""role"":""bot""},{""id"":""oe:player:85b3b3e91202ccada9f1f5a24dc1bfb"",""name"":""Cl0x"",""role"":""sup""}],""cells"":[{""row"":0,""col"":0,""kind"":""self"",""pair"":null,""value"":null},{""row"":0,""col"":1,""kind"":""eligible"",""pair"":{""id"":""pair-e6a50b2822fb87f2"",""teamId"":""oe:team:f4b807048502e27f01499f06b235a9a"",""teamName"":""Crvena zvezda Esports"",""playerAId"":""oe:player:6bc01a5be22b28e27cf296c2f59eecd"",""playerBId"":""oe:player:d8a389075cec97fa2685ff19c589ab4"",""playerA"":""Marrow Ooze"",""playerB"":""Quinncidence"",""stats"":{""eligible"":true,""n_games_total"":20.0,""n_games"":13.0,""n_days"":9.0,""mean_impact"":0.1209309,""shrunk_impact"":0.06835225,""ci_low"":-0.1192127,""ci_high"":0.23100354,""win_rate"":0.69230769}},""value"":0.06835225},{""row"":0,""col"":2,""kind"":""sparse"",""pair"":{""id"":""pair-abacf22f408a0f54"",""teamId"":""oe:team:f4b807048502e27f01499f06b235a9a"",""teamName"":""Crvena zvezda Esports"",""playerAId"":""name-player-d72bd85e71031dbd"",""playerBId"":""oe:player:d8a389075cec97fa2685ff19c589ab4"",""playerA"":""unknown player"",""playerB"":""Quinncidence"",""stats"":{""eligible"":false,""n_games_total"":1.0,""n_games"":1.0,""n_days"":1.0,""mean_impact"":-1.19825976,""shrunk_impact"":-0.10893271,""ci_low"":null,""ci_high"":null,""win_rate"":0.0}},""value"":-0.10893271},{""row"":0,""col"":3,""kind"":""eligible"",""pair"":{""id"":""pair-f46f5c3578bd736b"",""teamId"":""oe:team:f4b807048502e27f01499f06b235a9a"",""teamName"":""Crvena zvezda Esports"",""playerAId"":""oe:player:5c58c2e986e8aec0ee6f2465823349a"",""playerBId"":""oe:player:d8a389075cec97fa2685ff19c589ab4"",""playerA"":""GOLDENTO4ST"",""playerB"":""Quinncidence"",""stats"":{""eligible"":true,""n_games_total"":20.0,""n_games"":13.0,""n_days"":9.0,""mean_impact"":0.17931319,""shrunk_impact"":0.10135093,""ci_low"":-0.09012271,""ci_high"":0.31667373,""win_rate"":0.69230769}},""value"":0.10135093},{""row"":0,""col"":4,""kind"":""eligible"",""pair"":{""id"":""pair-60c5776a8299aa29"",""teamId"":""oe:team:f4b807048502e27f01499f06b235a9a"",""teamName"":""Crvena zvezda Esports"",""playerAId"":""oe:player:85b3b3e91202ccada9f1f5a24dc1bfb"",""playerBId"":""oe:player:d8a389075cec97fa2685ff19c589ab4"",""playerA"":""Cl0x"",""playerB"":""Quinncidence"",""stats"":{""eligible"":true,""n_games_total"":20.0,""n_games"":13.0,""n_days"":9.0,""mean_impact"":0.06594614,""shrunk_impact"":0.0372739,""ci_low"":-0.20582586,""ci_high"":0.27743747,""win_rate"":0.69230769}},""value"":0.0372739},{""row"":1,""col"":0,""kind"":""eligible"",""pair"":{""id"":""pair-e6a50b2822fb87f2"",""teamId"":""oe:team:f4b807048502e27f01499f06b235a9a"",""teamName"":""Crvena zvezda Esports"",""playerAId"":""oe:player:6bc01a5be22b28e27cf296c2f59eecd"",""playerBId"":""oe:player:d8a389075cec97fa2685ff19c589ab4"",""playerA"":""Marrow Ooze"",""playerB"":""Quinncidence"",""stats"":{""eligible"":true,""n_games_total"":20.0,""n_games"":13.0,""n_days"":9.0,""mean_impact"":0.1209309,""shrunk_impact"":0.06835225,""ci_low"":-0.1192127,""ci_high"":0.23100354,""win_rate"":0.69230769}},""value"":0.06835225},{""row"":1,""col"":1,""kind"":""self"",""pair"":null,""value"":null},{""row"":1,""col"":2,""kind"":""sparse"",""pair"":{""id"":""pair-f22e4d14da9db612"",""teamId"":""oe:team:f4b807048502e27f01499f06b235a9a"",""teamName"":""Crvena zvezda Esports"",""playerAId"":""name-player-d72bd85e71031dbd"",""playerBId"":""oe:player:6bc01a5be22b28e27cf296c2f59eecd"",""playerA"":""unknown player"",""playerB"":""Marrow Ooze"",""stats"":{""eligible"":false,""n_games_total"":1.0,""n_games"":1.0,""n_days"":1.0,""mean_impact"":-0.80496042,""shrunk_impact"":-0.07317822,""ci_low"":null,""ci_high"":null,""win_rate"":0.0}},""value"":-0.07317822},{""row"":1,""col"":3,""kind"":""eligible"",""pair"":{""id"":""pair-76da502589465036"",""teamId"":""oe:team:f4b807048502e27f01499f06b235a9a"",""teamName"":""Crvena zvezda Esports"",""playerAId"":""oe:player:5c58c2e986e8aec0ee6f2465823349a"",""playerBId"":""oe:player:6bc01a5be22b28e27cf296c2f59eecd"",""playerA"":""GOLDENTO4ST"",""playerB"":""Marrow Ooze"",""stats"":{""eligible"":true,""n_games_total"":20.0,""n_games"":13.0,""n_days"":9.0,""mean_impact"":-0.08950075,""shrunk_impact"":-0.05058738,""ci_low"":-0.16215258,""ci_high"":0.0614686,""win_rate"":0.69230769}},""value"":-0.05058738},{""row"":1,""col"":4,""kind"":""eligible"",""pair"":{""id"":""pair-ef3fa698e4d5ab52"",""teamId"":""oe:team:f4b807048502e27f01499f06b235a9a"",""teamName"":""Crvena zvezda Esports"",""playerAId"":""oe:player:6bc01a5be22b28e27cf296c2f59eecd"",""playerBId"":""oe:player:85b3b3e91202ccada9f1f5a24dc1bfb"",""playerA"":""Marrow Ooze"",""playerB"":""Cl0x"",""stats"":{""eligible"":true,""n_games_total"":20.0,""n_games"":13.0,""n_days"":9.0,""mean_impact"":-0.2028678,""shrunk_impact"":-0.11466441,""ci_low"":-0.29471446,""ci_high"":0.01625959,""win_rate"":0.69230769}},""value"":-0.11466441},{""row"":2,""col"":0,""kind"":""sparse"",""pair"":{""id"":""pair-abacf22f408a0f54"",""teamId"":""oe:team:f4b807048502e27f01499f06b235a9a"",""teamName"":""Crvena zvezda Esports"",""playerAId"":""name-player-d72bd85e71031dbd"",""playerBId"":""oe:player:d8a389075cec97fa2685ff19c589ab4"",""playerA"":""unknown player"",""playerB"":""Quinncidence"",""stats"":{""eligible"":false,""n_games_total"":1.0,""n_games"":1.0,""n_days"":1.0,""mean_impact"":-1.19825976,""shrunk_impact"":-0.10893271,""ci_low"":null,""ci_high"":null,""win_rate"":0.0}},""value"":-0.10893271},{""row"":2,""col"":1,""kind"":""sparse"",""pair"":{""id"":""pair-f22e4d14da9db612"",""teamId"":""oe:team:f4b807048502e27f01499f06b235a9a"",""teamName"":""Crvena zvezda Esports"",""playerAId"":""name-player-d72bd85e71031dbd"",""playerBId"":""oe:player:6bc01a5be22b28e27cf296c2f59eecd"",""playerA"":""unknown player"",""playerB"":""Marrow Ooze"",""stats"":{""eligible"":false,""n_games_total"":1.0,""n_games"":1.0,""n_days"":1.0,""mean_impact"":-0.80496042,""shrunk_impact"":-0.07317822,""ci_low"":null,""ci_high"":null,""win_rate"":0.0}},""value"":-0.07317822},{""row"":2,""col"":2,""kind"":""self"",""pair"":null,""value"":null},{""row"":2,""col"":3,""kind"":""sparse"",""pair"":{""id"":""pair-d592b2fb8cdb06c8"",""teamId"":""oe:team:f4b807048502e27f01499f06b235a9a"",""teamName"":""Crvena zvezda Esports"",""playerAId"":""name-player-d72bd85e71031dbd"",""playerBId"":""oe:player:5c58c2e986e8aec0ee6f2465823349a"",""playerA"":""unknown player"",""playerB"":""GOLDENTO4ST"",""stats"":{""eligible"":false,""n_games_total"":1.0,""n_games"":1.0,""n_days"":1.0,""mean_impact"":-0.8883461,""shrunk_impact"":-0.08075874,""ci_low"":null,""ci_high"":null,""win_rate"":0.0}},""value"":-0.08075874},{""row"":2,""col"":4,""kind"":""sparse"",""pair"":{""id"":""pair-0cb5c71def45fa96"",""teamId"":""oe:team:f4b807048502e27f01499f06b235a9a"",""teamName"":""Crvena zvezda Esports"",""playerAId"":""name-player-d72bd85e71031dbd"",""playerBId"":""oe:player:85b3b3e91202ccada9f1f5a24dc1bfb"",""playerA"":""unknown player"",""playerB"":""Cl0x"",""stats"":{""eligible"":false,""n_games_total"":1.0,""n_games"":1.0,""n_days"":1.0,""mean_impact"":-1.18970174,""shrunk_impact"":-0.1081547,""ci_low"":null,""ci_high"":null,""win_rate"":0.0}},""value"":-0.1081547},{""row"":3,""col"":0,""kind"":""eligible"",""pair"":{""id"":""pair-f46f5c3578bd736b"",""teamId"":""oe:team:f4b807048502e27f01499f06b235a9a"",""teamName"":""Crvena zvezda Esports"",""playerAId"":""oe:player:5c58c2e986e8aec0ee6f2465823349a"",""playerBId"":""oe:player:d8a389075cec97fa2685ff19c589ab4"",""playerA"":""GOLDENTO4ST"",""playerB"":""Quinncidence"",""stats"":{""eligible"":true,""n_games_total"":20.0,""n_games"":13.0,""n_days"":9.0,""mean_impact"":0.17931319,""shrunk_impact"":0.10135093,""ci_low"":-0.09012271,""ci_high"":0.31667373,""win_rate"":0.69230769}},""value"":0.10135093},{""row"":3,""col"":1,""kind"":""eligible"",""pair"":{""id"":""pair-76da502589465036"",""teamId"":""oe:team:f4b807048502e27f01499f06b235a9a"",""teamName"":""Crvena zvezda Esports"",""playerAId"":""oe:player:5c58c2e986e8aec0ee6f2465823349a"",""playerBId"":""oe:player:6bc01a5be22b28e27cf296c2f59eecd"",""playerA"":""GOLDENTO4ST"",""playerB"":""Marrow Ooze"",""stats"":{""eligible"":true,""n_games_total"":20.0,""n_games"":13.0,""n_days"":9.0,""mean_impact"":-0.08950075,""shrunk_impact"":-0.05058738,""ci_low"":-0.16215258,""ci_high"":0.0614686,""win_rate"":0.69230769}},""value"":-0.05058738},{""row"":3,""col"":2,""kind"":""sparse"",""pair"":{""id"":""pair-d592b2fb8cdb06c8"",""teamId"":""oe:team:f4b807048502e27f01499f06b235a9a"",""teamName"":""Crvena zvezda Esports"",""playerAId"":""name-player-d72bd85e71031dbd"",""playerBId"":""oe:player:5c58c2e986e8aec0ee6f2465823349a"",""playerA"":""unknown player"",""playerB"":""GOLDENTO4ST"",""stats"":{""eligible"":false,""n_games_total"":1.0,""n_games"":1.0,""n_days"":1.0,""mean_impact"":-0.8883461,""shrunk_impact"":-0.08075874,""ci_low"":null,""ci_high"":null,""win_rate"":0.0}},""value"":-0.08075874},{""row"":3,""col"":3,""kind"":""self"",""pair"":null,""value"":null},{""row"":3,""col"":4,""kind"":""eligible"",""pair"":{""id"":""pair-410ece95ee607d26"",""teamId"":""oe:team:f4b807048502e27f01499f06b235a9a"",""teamName"":""Crvena zvezda Esports"",""playerAId"":""oe:player:5c58c2e986e8aec0ee6f2465823349a"",""playerBId"":""oe:player:85b3b3e91202ccada9f1f5a24dc1bfb"",""playerA"":""GOLDENTO4ST"",""playerB"":""Cl0x"",""stats"":{""eligible"":true,""n_games_total"":20.0,""n_games"":13.0,""n_days"":9.0,""mean_impact"":-0.14448551,""shrunk_impact"":-0.08166572,""ci_low"":-0.212762,""ci_high"":0.04275506,""win_rate"":0.69230769}},""value"":-0.08166572},{""row"":4,""col"":0,""kind"":""eligible"",""pair"":{""id"":""pair-60c5776a8299aa29"",""teamId"":""oe:team:f4b807048502e27f01499f06b235a9a"",""teamName"":""Crvena zvezda Esports"",""playerAId"":""oe:player:85b3b3e91202ccada9f1f5a24dc1bfb"",""playerBId"":""oe:player:d8a389075cec97fa2685ff19c589ab4"",""playerA"":""Cl0x"",""playerB"":""Quinncidence"",""stats"":{""eligible"":true,""n_games_total"":20.0,""n_games"":13.0,""n_days"":9.0,""mean_impact"":0.06594614,""shrunk_impact"":0.0372739,""ci_low"":-0.20582586,""ci_high"":0.27743747,""win_rate"":0.69230769}},""value"":0.0372739},{""row"":4,""col"":1,""kind"":""eligible"",""pair"":{""id"":""pair-ef3fa698e4d5ab52"",""teamId"":""oe:team:f4b807048502e27f01499f06b235a9a"",""teamName"":""Crvena zvezda Esports"",""playerAId"":""oe:player:6bc01a5be22b28e27cf296c2f59eecd"",""playerBId"":""oe:player:85b3b3e91202ccada9f1f5a24dc1bfb"",""playerA"":""Marrow Ooze"",""playerB"":""Cl0x"",""stats"":{""eligible"":true,""n_games_total"":20.0,""n_games"":13.0,""n_days"":9.0,""mean_impact"":-0.2028678,""shrunk_impact"":-0.11466441,""ci_low"":-0.29471446,""ci_high"":0.01625959,""win_rate"":0.69230769}},""value"":-0.11466441},{""row"":4,""col"":2,""kind"":""sparse"",""pair"":{""id"":""pair-0cb5c71def45fa96"",""teamId"":""oe:team:f4b807048502e27f01499f06b235a9a"",""teamName"":""Crvena zvezda Esports"",""playerAId"":""name-player-d72bd85e71031dbd"",""playerBId"":""oe:player:85b3b3e91202ccada9f1f5a24dc1bfb"",""playerA"":""unknown player"",""playerB"":""Cl0x"",""stats"":{""eligible"":false,""n_games_total"":1.0,""n_games"":1.0,""n_days"":1.0,""mean_impact"":-1.18970174,""shrunk_impact"":-0.1081547,""ci_low"":null,""ci_high"":null,""win_rate"":0.0}},""value"":-0.1081547},{""row"":4,""col"":3,""kind"":""eligible"",""pair"":{""id"":""pair-410ece95ee607d26"",""teamId"":""oe:team:f4b807048502e27f01499f06b235a9a"",""teamName"":""Crvena zvezda Esports"",""playerAId"":""oe:player:5c58c2e986e8aec0ee6f2465823349a"",""playerBId"":""oe:player:85b3b3e91202ccada9f1f5a24dc1bfb"",""playerA"":""GOLDENTO4ST"",""playerB"":""Cl0x"",""stats"":{""eligible"":true,""n_games_total"":20.0,""n_games"":13.0,""n_days"":9.0,""mean_impact"":-0.14448551,""shrunk_impact"":-0.08166572,""ci_low"":-0.212762,""ci_high"":0.04275506,""win_rate"":0.69230769}},""value"":-0.08166572},{""row"":4,""col"":4,""kind"":""self"",""pair"":null,""value"":null}],""limit"":0.15,""hasEligiblePair"":true}"
lineup-2aac83ec11335993,oe:team:4e653f6d72f24b97fb8f67d25a03c90,The Plan,2019,oe:player:24bb48091f3f1bb7302ac7f785f9d6d,FengDere,oe:player:eca01354c2fb2e7c18703daf848bc13,Ken,oe:player:92446c031dbe789c917c6da0d7ab44b,Apples,oe:player:48bef668b5cb10ddc6c3865d460e327,TakeSet,oe:player:acc1b36d8d542ce2e2ee369a40267ae,KroMAX,2,2,2,-0.25135137,-0.04189190,,,False,0.00000000,312.37428831,1.19180266,0.20758755,0.26440908,0.21079293,0.22127553,0.18238611,0.14658673,0.22379337,0.32131012,0.24370803,0.23338489,0.13931956,0.07744274,"{""version"":1,""players"":[{""id"":""oe:player:24bb48091f3f1bb7302ac7f785f9d6d"",""name"":""FengDere"",""role"":""sup""},{""id"":""oe:player:eca01354c2fb2e7c18703daf848bc13"",""name"":""Ken"",""role"":""jng""},{""id"":""oe:player:92446c031dbe789c917c6da0d7ab44b"",""name"":""Apples"",""role"":""mid""},{""id"":""oe:player:48bef668b5cb10ddc6c3865d460e327"",""name"":""TakeSet"",""role"":""bot""},{""id"":""oe:player:acc1b36d8d542ce2e2ee369a40267ae"",""name"":""KroMAX"",""role"":""sup""}],""cells"":[{""row"":0,""col"":0,""kind"":""self"",""pair"":null,""value"":null},{""row"":0,""col"":1,""kind"":""sparse"",""pair"":{""id"":""pair-aabc1f2c4912d5c1"",""teamId"":""oe:team:4e653f6d72f24b97fb8f67d25a03c90"",""teamName"":""The Plan"",""playerAId"":""oe:player:24bb48091f3f1bb7302ac7f785f9d6d"",""playerBId"":""oe:player:eca01354c2fb2e7c18703daf848bc13"",""playerA"":""FengDere"",""playerB"":""Ken"",""stats"":{""eligible"":false,""n_games_total"":3.0,""n_games"":3.0,""n_days"":3.0,""mean_impact"":-0.41430315,""shrunk_impact"":-0.09560842,""ci_low"":-0.17559742,""ci_high"":0.06431385,""win_rate"":0.0}},""value"":-0.09560842},{""row"":0,""col"":2,""kind"":""sparse"",""pair"":{""id"":""pair-83bccaee0b76d7ae"",""teamId"":""oe:team:4e653f6d72f24b97fb8f67d25a03c90"",""teamName"":""The Plan"",""playerAId"":""oe:player:24bb48091f3f1bb7302ac7f785f9d6d"",""playerBId"":""oe:player:92446c031dbe789c917c6da0d7ab44b"",""playerA"":""FengDere"",""playerB"":""Apples"",""stats"":{""eligible"":false,""n_games_total"":9.0,""n_games"":9.0,""n_days"":9.0,""mean_impact"":-0.02433933,""shrunk_impact"":-0.01152915,""ci_low"":-0.17380342,""ci_high"":0.1526505,""win_rate"":0.11111111}},""value"":-0.01152915},{""row"":0,""col"":3,""kind"":""sparse"",""pair"":{""id"":""pair-a48ce11cc4782d23"",""teamId"":""oe:team:4e653f6d72f24b97fb8f67d25a03c90"",""teamName"":""The Plan"",""playerAId"":""oe:player:24bb48091f3f1bb7302ac7f785f9d6d"",""playerBId"":""oe:player:48bef668b5cb10ddc6c3865d460e327"",""playerA"":""FengDere"",""playerB"":""TakeSet"",""stats"":{""eligible"":false,""n_games_total"":5.0,""n_games"":5.0,""n_days"":5.0,""mean_impact"":-0.41745536,""shrunk_impact"":-0.13915179,""ci_low"":-0.29453726,""ci_high"":0.00535879,""win_rate"":0.2}},""value"":-0.13915179},{""row"":0,""col"":4,""kind"":""eligible"",""pair"":{""id"":""pair-13674d19460c6de1"",""teamId"":""oe:team:4e653f6d72f24b97fb8f67d25a03c90"",""teamName"":""The Plan"",""playerAId"":""oe:player:24bb48091f3f1bb7302ac7f785f9d6d"",""playerBId"":""oe:player:acc1b36d8d542ce2e2ee369a40267ae"",""playerA"":""FengDere"",""playerB"":""KroMAX"",""stats"":{""eligible"":true,""n_games_total"":12.0,""n_games"":12.0,""n_days"":12.0,""mean_impact"":-0.22154816,""shrunk_impact"":-0.12084445,""ci_low"":-0.35845969,""ci_high"":0.21559237,""win_rate"":0.08333333}},""value"":-0.12084445},{""row"":1,""col"":0,""kind"":""sparse"",""pair"":{""id"":""pair-aabc1f2c4912d5c1"",""teamId"":""oe:team:4e653f6d72f24b97fb8f67d25a03c90"",""teamName"":""The Plan"",""playerAId"":""oe:player:24bb48091f3f1bb7302ac7f785f9d6d"",""playerBId"":""oe:player:eca01354c2fb2e7c18703daf848bc13"",""playerA"":""FengDere"",""playerB"":""Ken"",""stats"":{""eligible"":false,""n_games_total"":3.0,""n_games"":3.0,""n_days"":3.0,""mean_impact"":-0.41430315,""shrunk_impact"":-0.09560842,""ci_low"":-0.17559742,""ci_high"":0.06431385,""win_rate"":0.0}},""value"":-0.09560842},{""row"":1,""col"":1,""kind"":""self"",""pair"":null,""value"":null},{""row"":1,""col"":2,""kind"":""sparse"",""pair"":{""id"":""pair-847c8210d81abb84"",""teamId"":""oe:team:4e653f6d72f24b97fb8f67d25a03c90"",""teamName"":""The Plan"",""playerAId"":""oe:player:92446c031dbe789c917c6da0d7ab44b"",""playerBId"":""oe:player:eca01354c2fb2e7c18703daf848bc13"",""playerA"":""Apples"",""playerB"":""Ken"",""stats"":{""eligible"":false,""n_games_total"":3.0,""n_games"":3.0,""n_days"":3.0,""mean_impact"":-0.15863699,""shrunk_impact"":-0.03660854,""ci_low"":-0.08804788,""ci_high"":0.03102019,""win_rate"":0.33333333}},""value"":-0.03660854},{""row"":1,""col"":3,""kind"":""sparse"",""pair"":{""id"":""pair-5d23c5614b9c964f"",""teamId"":""oe:team:4e653f6d72f24b97fb8f67d25a03c90"",""teamName"":""The Plan"",""playerAId"":""oe:player:48bef668b5cb10ddc6c3865d460e327"",""playerBId"":""oe:player:eca01354c2fb2e7c18703daf848bc13"",""playerA"":""TakeSet"",""playerB"":""Ken"",""stats"":{""eligible"":false,""n_games_total"":3.0,""n_games"":3.0,""n_days"":3.0,""mean_impact"":0.04797505,""shrunk_impact"":0.01107117,""ci_low"":-0.26557214,""ci_high"":0.15944135,""win_rate"":0.33333333}},""value"":0.01107117},{""row"":1,""col"":4,""kind"":""sparse"",""pair"":{""id"":""pair-d892c1f3614b1d0d"",""teamId"":""oe:team:4e653f6d72f24b97fb8f67d25a03c90"",""teamName"":""The Plan"",""playerAId"":""oe:player:acc1b36d8d542ce2e2ee369a40267ae"",""playerBId"":""oe:player:eca01354c2fb2e7c18703daf848bc13"",""playerA"":""KroMAX"",""playerB"":""Ken"",""stats"":{""eligible"":false,""n_games_total"":3.0,""n_games"":3.0,""n_days"":3.0,""mean_impact"":-0.52823243,""shrunk_impact"":-0.12189979,""ci_low"":-0.21524851,""ci_high"":0.03982768,""win_rate"":0.33333333}},""value"":-0.12189979},{""row"":2,""col"":0,""kind"":""sparse"",""pair"":{""id"":""pair-83bccaee0b76d7ae"",""teamId"":""oe:team:4e653f6d72f24b97fb8f67d25a03c90"",""teamName"":""The Plan"",""playerAId"":""oe:player:24bb48091f3f1bb7302ac7f785f9d6d"",""playerBId"":""oe:player:92446c031dbe789c917c6da0d7ab44b"",""playerA"":""FengDere"",""playerB"":""Apples"",""stats"":{""eligible"":false,""n_games_total"":9.0,""n_games"":9.0,""n_days"":9.0,""mean_impact"":-0.02433933,""shrunk_impact"":-0.01152915,""ci_low"":-0.17380342,""ci_high"":0.1526505,""win_rate"":0.11111111}},""value"":-0.01152915},{""row"":2,""col"":1,""kind"":""sparse"",""pair"":{""id"":""pair-847c8210d81abb84"",""teamId"":""oe:team:4e653f6d72f24b97fb8f67d25a03c90"",""teamName"":""The Plan"",""playerAId"":""oe:player:92446c031dbe789c917c6da0d7ab44b"",""playerBId"":""oe:player:eca01354c2fb2e7c18703daf848bc13"",""playerA"":""Apples"",""playerB"":""Ken"",""stats"":{""eligible"":false,""n_games_total"":3.0,""n_games"":3.0,""n_days"":3.0,""mean_impact"":-0.15863699,""shrunk_impact"":-0.03660854,""ci_low"":-0.08804788,""ci_high"":0.03102019,""win_rate"":0.33333333}},""value"":-0.03660854},{""row"":2,""col"":2,""kind"":""self"",""pair"":null,""value"":null},{""row"":2,""col"":3,""kind"":""sparse"",""pair"":{""id"":""pair-6172aec12b70cd1c"",""teamId"":""oe:team:4e653f6d72f24b97fb8f67d25a03c90"",""teamName"":""The Plan"",""playerAId"":""oe:player:48bef668b5cb10ddc6c3865d460e327"",""playerBId"":""oe:player:92446c031dbe789c917c6da0d7ab44b"",""playerA"":""TakeSet"",""playerB"":""Apples"",""stats"":{""eligible"":false,""n_games_total"":6.0,""n_games"":6.0,""n_days"":6.0,""mean_impact"":-0.07602131,""shrunk_impact"":-0.02850799,""ci_low"":-0.211482,""ci_high"":0.11449839,""win_rate"":0.33333333}},""value"":-0.02850799},{""row"":2,""col"":4,""kind"":""eligible"",""pair"":{""id"":""pair-e7c692b0121868d6"",""teamId"":""oe:team:4e653f6d72f24b97fb8f67d25a03c90"",""teamName"":""The Plan"",""playerAId"":""oe:player:92446c031dbe789c917c6da0d7ab44b"",""playerBId"":""oe:player:acc1b36d8d542ce2e2ee369a40267ae"",""playerA"":""Apples"",""playerB"":""KroMAX"",""stats"":{""eligible"":true,""n_games_total"":10.0,""n_games"":10.0,""n_days"":10.0,""mean_impact"":-0.08514323,""shrunk_impact"":-0.04257161,""ci_low"":-0.25712445,""ci_high"":0.19819192,""win_rate"":0.2}},""value"":-0.04257161},{""row"":3,""col"":0,""kind"":""sparse"",""pair"":{""id"":""pair-a48ce11cc4782d23"",""teamId"":""oe:team:4e653f6d72f24b97fb8f67d25a03c90"",""teamName"":""The Plan"",""playerAId"":""oe:player:24bb48091f3f1bb7302ac7f785f9d6d"",""playerBId"":""oe:player:48bef668b5cb10ddc6c3865d460e327"",""playerA"":""FengDere"",""playerB"":""TakeSet"",""stats"":{""eligible"":false,""n_games_total"":5.0,""n_games"":5.0,""n_days"":5.0,""mean_impact"":-0.41745536,""shrunk_impact"":-0.13915179,""ci_low"":-0.29453726,""ci_high"":0.00535879,""win_rate"":0.2}},""value"":-0.13915179},{""row"":3,""col"":1,""kind"":""sparse"",""pair"":{""id"":""pair-5d23c5614b9c964f"",""teamId"":""oe:team:4e653f6d72f24b97fb8f67d25a03c90"",""teamName"":""The Plan"",""playerAId"":""oe:player:48bef668b5cb10ddc6c3865d460e327"",""playerBId"":""oe:player:eca01354c2fb2e7c18703daf848bc13"",""playerA"":""TakeSet"",""playerB"":""Ken"",""stats"":{""eligible"":false,""n_games_total"":3.0,""n_games"":3.0,""n_days"":3.0,""mean_impact"":0.04797505,""shrunk_impact"":0.01107117,""ci_low"":-0.26557214,""ci_high"":0.15944135,""win_rate"":0.33333333}},""value"":0.01107117},{""row"":3,""col"":2,""kind"":""sparse"",""pair"":{""id"":""pair-6172aec12b70cd1c"",""teamId"":""oe:team:4e653f6d72f24b97fb8f67d25a03c90"",""teamName"":""The Plan"",""playerAId"":""oe:player:48bef668b5cb10ddc6c3865d460e327"",""playerBId"":""oe:player:92446c031dbe789c917c6da0d7ab44b"",""playerA"":""TakeSet"",""playerB"":""Apples"",""stats"":{""eligible"":false,""n_games_total"":6.0,""n_games"":6.0,""n_days"":6.0,""mean_impact"":-0.07602131,""shrunk_impact"":-0.02850799,""ci_low"":-0.211482,""ci_high"":0.11449839,""win_rate"":0.33333333}},""value"":-0.02850799},{""row"":3,""col"":3,""kind"":""self"",""pair"":null,""value"":null},{""row"":3,""col"":4,""kind"":""sparse"",""pair"":{""id"":""pair-bc08cb78e5eca07e"",""teamId"":""oe:team:4e653f6d72f24b97fb8f67d25a03c90"",""teamName"":""The Plan"",""playerAId"":""oe:player:48bef668b5cb10ddc6c3865d460e327"",""playerBId"":""oe:player:acc1b36d8d542ce2e2ee369a40267ae"",""playerA"":""TakeSet"",""playerB"":""KroMAX"",""stats"":{""eligible"":false,""n_games_total"":6.0,""n_games"":6.0,""n_days"":6.0,""mean_impact"":-0.29839831,""shrunk_impact"":-0.11189937,""ci_low"":-0.29604597,""ci_high"":0.07136797,""win_rate"":0.33333333}},""value"":-0.11189937},{""row"":4,""col"":0,""kind"":""eligible"",""pair"":{""id"":""pair-13674d19460c6de1"",""teamId"":""oe:team:4e653f6d72f24b97fb8f67d25a03c90"",""teamName"":""The Plan"",""playerAId"":""oe:player:24bb48091f3f1bb7302ac7f785f9d6d"",""playerBId"":""oe:player:acc1b36d8d542ce2e2ee369a40267ae"",""playerA"":""FengDere"",""playerB"":""KroMAX"",""stats"":{""eligible"":true,""n_games_total"":12.0,""n_games"":12.0,""n_days"":12.0,""mean_impact"":-0.22154816,""shrunk_impact"":-0.12084445,""ci_low"":-0.35845969,""ci_high"":0.21559237,""win_rate"":0.08333333}},""value"":-0.12084445},{""row"":4,""col"":1,""kind"":""sparse"",""pair"":{""id"":""pair-d892c1f3614b1d0d"",""teamId"":""oe:team:4e653f6d72f24b97fb8f67d25a03c90"",""teamName"":""The Plan"",""playerAId"":""oe:player:acc1b36d8d542ce2e2ee369a40267ae"",""playerBId"":""oe:player:eca01354c2fb2e7c18703daf848bc13"",""playerA"":""KroMAX"",""playerB"":""Ken"",""stats"":{""eligible"":false,""n_games_total"":3.0,""n_games"":3.0,""n_days"":3.0,""mean_impact"":-0.52823243,""shrunk_impact"":-0.12189979,""ci_low"":-0.21524851,""ci_high"":0.03982768,""win_rate"":0.33333333}},""value"":-0.12189979},{""row"":4,""col"":2,""kind"":""eligible"",""pair"":{""id"":""pair-e7c692b0121868d6"",""teamId"":""oe:team:4e653f6d72f24b97fb8f67d25a03c90"",""teamName"":""The Plan"",""playerAId"":""oe:player:92446c031dbe789c917c6da0d7ab44b"",""playerBId"":""oe:player:acc1b36d8d542ce2e2ee369a40267ae"",""playerA"":""Apples"",""playerB"":""KroMAX"",""stats"":{""eligible"":true,""n_games_total"":10.0,""n_games"":10.0,""n_days"":10.0,""mean_impact"":-0.08514323,""shrunk_impact"":-0.04257161,""ci_low"":-0.25712445,""ci_high"":0.19819192,""win_rate"":0.2}},""value"":-0.04257161},{""row"":4,""col"":3,""kind"":""sparse"",""pair"":{""id"":""pair-bc08cb78e5eca07e"",""teamId"":""oe:team:4e653f6d72f24b97fb8f67d25a03c90"",""teamName"":""The Plan"",""playerAId"":""oe:player:48bef668b5cb10ddc6c3865d460e327"",""playerBId"":""oe:player:acc1b36d8d542ce2e2ee369a40267ae"",""playerA"":""TakeSet"",""playerB"":""KroMAX"",""stats"":{""eligible"":false,""n_games_total"":6.0,""n_games"":6.0,""n_days"":6.0,""mean_impact"":-0.29839831,""shrunk_impact"":-0.11189937,""ci_low"":-0.29604597,""ci_high"":0.07136797,""win_rate"":0.33333333}},""value"":-0.11189937},{""row"":4,""col"":4,""kind"":""self"",""pair"":null,""value"":null}],""limit"":0.15,""hasEligiblePair"":true}"
lineup-2db7fe9b3491fd75,oe:team:4e653f6d72f24b97fb8f67d25a03c90,The Plan,2019,oe:player:24bb48091f3f1bb7302ac7f785f9d6d,FengDere,oe:player:c533f6ed4f3a8ef15bea47469115cfc,Monkey750,oe:player:7b0aeb1bb297b0d44629e94186bcb6a,Nafkelah,oe:player:39ffb885bfbe09aa1cf72408e10353c,Baybror,oe:player:acc1b36d8d542ce2e2ee369a40267ae,KroMAX,3,3,3,0.07696051,0.01776012,-0.20509085,0.42969581,False,0.00000000,394.42888431,1.01241204,0.20618172,0.25132167,0.22306200,0.25778220,0.20302914,0.17646769,0.21700370,0.35634104,0.22102735,0.11837254,0.13587780,0.09103654,"{""version"":1,""players"":[{""id"":""oe:player:24bb48091f3f1bb7302ac7f785f9d6d"",""name"":""FengDere"",""role"":""sup""},{""id"":""oe:player:c533f6ed4f3a8ef15bea47469115cfc"",""name"":""Monkey750"",""role"":""jng""},{""id"":""oe:player:7b0aeb1bb297b0d44629e94186bcb6a"",""name"":""Nafkelah"",""role"":""mid""},{""id"":""oe:player:39ffb885bfbe09aa1cf72408e10353c"",""name"":""Baybror"",""role"":""bot""},{""id"":""oe:player:acc1b36d8d542ce2e2ee369a40267ae"",""name"":""KroMAX"",""role"":""sup""}],""cells"":[{""row"":0,""col"":0,""kind"":""self"",""pair"":null,""value"":null},{""row"":0,""col"":1,""kind"":""sparse"",""pair"":{""id"":""pair-da6c06df7a13f11c"",""teamId"":""oe:team:4e653f6d72f24b97fb8f67d25a03c90"",""teamName"":""The Plan"",""playerAId"":""oe:player:24bb48091f3f1bb7302ac7f785f9d6d"",""playerBId"":""oe:player:c533f6ed4f3a8ef15bea47469115cfc"",""playerA"":""FengDere"",""playerB"":""Monkey750"",""stats"":{""eligible"":false,""n_games_total"":8.0,""n_games"":8.0,""n_days"":8.0,""mean_impact"":0.15178259,""shrunk_impact"":0.06745893,""ci_low"":-0.20210825,""ci_high"":0.35660235,""win_rate"":0.0}},""value"":0.06745893},{""row"":0,""col"":2,""kind"":""sparse"",""pair"":{""id"":""pair-8db167659c4152dd"",""teamId"":""oe:team:4e653f6d72f24b97fb8f67d25a03c90"",""teamName"":""The Plan"",""playerAId"":""oe:player:24bb48091f3f1bb7302ac7f785f9d6d"",""playerBId"":""oe:player:7b0aeb1bb297b0d44629e94186bcb6a"",""playerA"":""FengDere"",""playerB"":""Nafkelah"",""stats"":{""eligible"":false,""n_games_total"":4.0,""n_games"":4.0,""n_days"":4.0,""mean_impact"":0.4193619,""shrunk_impact"":0.11981769,""ci_low"":-0.15815016,""ci_high"":0.61452329,""win_rate"":0.0}},""value"":0.11981769},{""row"":0,""col"":3,""kind"":""sparse"",""pair"":{""id"":""pair-afd1c62d4be26498"",""teamId"":""oe:team:4e653f6d72f24b97fb8f67d25a03c90"",""teamName"":""The Plan"",""playerAId"":""oe:player:24bb48091f3f1bb7302ac7f785f9d6d"",""playerBId"":""oe:player:39ffb885bfbe09aa1cf72408e10353c"",""playerA"":""FengDere"",""playerB"":""Baybror"",""stats"":{""eligible"":false,""n_games_total"":8.0,""n_games"":8.0,""n_days"":8.0,""mean_impact"":-0.17485278,""shrunk_impact"":-0.07771235,""ci_low"":-0.3033231,""ci_high"":0.17388933,""win_rate"":0.0}},""value"":-0.07771235},{""row"":0,""col"":4,""kind"":""eligible"",""pair"":{""id"":""pair-13674d19460c6de1"",""teamId"":""oe:team:4e653f6d72f24b97fb8f67d25a03c90"",""teamName"":""The Plan"",""playerAId"":""oe:player:24bb48091f3f1bb7302ac7f785f9d6d"",""playerBId"":""oe:player:acc1b36d8d542ce2e2ee369a40267ae"",""playerA"":""FengDere"",""playerB"":""KroMAX"",""stats"":{""eligible"":true,""n_games_total"":12.0,""n_games"":12.0,""n_days"":12.0,""mean_impact"":-0.22154816,""shrunk_impact"":-0.12084445,""ci_low"":-0.35845969,""ci_high"":0.21559237,""win_rate"":0.08333333}},""value"":-0.12084445},{""row"":1,""col"":0,""kind"":""sparse"",""pair"":{""id"":""pair-da6c06df7a13f11c"",""teamId"":""oe:team:4e653f6d72f24b97fb8f67d25a03c90"",""teamName"":""The Plan"",""playerAId"":""oe:player:24bb48091f3f1bb7302ac7f785f9d6d"",""playerBId"":""oe:player:c533f6ed4f3a8ef15bea47469115cfc"",""playerA"":""FengDere"",""playerB"":""Monkey750"",""stats"":{""eligible"":false,""n_games_total"":8.0,""n_games"":8.0,""n_days"":8.0,""mean_impact"":0.15178259,""shrunk_impact"":0.06745893,""ci_low"":-0.20210825,""ci_high"":0.35660235,""win_rate"":0.0}},""value"":0.06745893},{""row"":1,""col"":1,""kind"":""self"",""pair"":null,""value"":null},{""row"":1,""col"":2,""kind"":""sparse"",""pair"":{""id"":""pair-2c4b8799b030a411"",""teamId"":""oe:team:4e653f6d72f24b97fb8f67d25a03c90"",""teamName"":""The Plan"",""playerAId"":""oe:player:7b0aeb1bb297b0d44629e94186bcb6a"",""playerBId"":""oe:player:c533f6ed4f3a8ef15bea47469115cfc"",""playerA"":""Nafkelah"",""playerB"":""Monkey750"",""stats"":{""eligible"":false,""n_games_total"":4.0,""n_games"":4.0,""n_days"":4.0,""mean_impact"":0.1381664,""shrunk_impact"":0.03947612,""ci_low"":-0.23120896,""ci_high"":0.48807894,""win_rate"":0.0}},""value"":0.03947612},{""row"":1,""col"":3,""kind"":""sparse"",""pair"":{""id"":""pair-f03ac933d13fe0fa"",""teamId"":""oe:team:4e653f6d72f24b97fb8f67d25a03c90"",""teamName"":""The Plan"",""playerAId"":""oe:player:39ffb885bfbe09aa1cf72408e10353c"",""playerBId"":""oe:player:c533f6ed4f3a8ef15bea47469115cfc"",""playerA"":""Baybror"",""playerB"":""Monkey750"",""stats"":{""eligible"":false,""n_games_total"":8.0,""n_games"":8.0,""n_days"":8.0,""mean_impact"":0.01416524,""shrunk_impact"":0.00629566,""ci_low"":-0.29648768,""ci_high"":0.34390092,""win_rate"":0.0}},""value"":0.00629566},{""row"":1,""col"":4,""kind"":""sparse"",""pair"":{""id"":""pair-86ad20a197098059"",""teamId"":""oe:team:4e653f6d72f24b97fb8f67d25a03c90"",""teamName"":""The Plan"",""playerAId"":""oe:player:acc1b36d8d542ce2e2ee369a40267ae"",""playerBId"":""oe:player:c533f6ed4f3a8ef15bea47469115cfc"",""playerA"":""KroMAX"",""playerB"":""Monkey750"",""stats"":{""eligible"":false,""n_games_total"":7.0,""n_games"":7.0,""n_days"":7.0,""mean_impact"":0.17757797,""shrunk_impact"":0.07312034,""ci_low"":-0.20214738,""ci_high"":0.39277538,""win_rate"":0.0}},""value"":0.07312034},{""row"":2,""col"":0,""kind"":""sparse"",""pair"":{""id"":""pair-8db167659c4152dd"",""teamId"":""oe:team:4e653f6d72f24b97fb8f67d25a03c90"",""teamName"":""The Plan"",""playerAId"":""oe:player:24bb48091f3f1bb7302ac7f785f9d6d"",""playerBId"":""oe:player:7b0aeb1bb297b0d44629e94186bcb6a"",""playerA"":""FengDere"",""playerB"":""Nafkelah"",""stats"":{""eligible"":false,""n_games_total"":4.0,""n_games"":4.0,""n_days"":4.0,""mean_impact"":0.4193619,""shrunk_impact"":0.11981769,""ci_low"":-0.15815016,""ci_high"":0.61452329,""win_rate"":0.0}},""value"":0.11981769},{""row"":2,""col"":1,""kind"":""sparse"",""pair"":{""id"":""pair-2c4b8799b030a411"",""teamId"":""oe:team:4e653f6d72f24b97fb8f67d25a03c90"",""teamName"":""The Plan"",""playerAId"":""oe:player:7b0aeb1bb297b0d44629e94186bcb6a"",""playerBId"":""oe:player:c533f6ed4f3a8ef15bea47469115cfc"",""playerA"":""Nafkelah"",""playerB"":""Monkey750"",""stats"":{""eligible"":false,""n_games_total"":4.0,""n_games"":4.0,""n_days"":4.0,""mean_impact"":0.1381664,""shrunk_impact"":0.03947612,""ci_low"":-0.23120896,""ci_high"":0.48807894,""win_rate"":0.0}},""value"":0.03947612},{""row"":2,""col"":2,""kind"":""self"",""pair"":null,""value"":null},{""row"":2,""col"":3,""kind"":""sparse"",""pair"":{""id"":""pair-c00166fea31a72cf"",""teamId"":""oe:team:4e653f6d72f24b97fb8f67d25a03c90"",""teamName"":""The Plan"",""playerAId"":""oe:player:39ffb885bfbe09aa1cf72408e10353c"",""playerBId"":""oe:player:7b0aeb1bb297b0d44629e94186bcb6a"",""playerA"":""Baybror"",""playerB"":""Nafkelah"",""stats"":{""eligible"":false,""n_games_total"":4.0,""n_games"":4.0,""n_days"":4.0,""mean_impact"":-0.19983037,""shrunk_impact"":-0.05709439,""ci_low"":-0.29766168,""ci_high"":0.28292841,""win_rate"":0.0}},""value"":-0.05709439},{""row"":2,""col"":4,""kind"":""sparse"",""pair"":{""id"":""pair-367f4783a92e946d"",""teamId"":""oe:team:4e653f6d72f24b97fb8f67d25a03c90"",""teamName"":""The Plan"",""playerAId"":""oe:player:7b0aeb1bb297b0d44629e94186bcb6a"",""playerBId"":""oe:player:acc1b36d8d542ce2e2ee369a40267ae"",""playerA"":""Nafkelah"",""playerB"":""KroMAX"",""stats"":{""eligible"":false,""n_games_total"":3.0,""n_games"":3.0,""n_days"":3.0,""mean_impact"":0.42110809,""shrunk_impact"":0.09717879,""ci_low"":-0.21081042,""ci_high"":0.62470649,""win_rate"":0.0}},""value"":0.09717879},{""row"":3,""col"":0,""kind"":""sparse"",""pair"":{""id"":""pair-afd1c62d4be26498"",""teamId"":""oe:team:4e653f6d72f24b97fb8f67d25a03c90"",""teamName"":""The Plan"",""playerAId"":""oe:player:24bb48091f3f1bb7302ac7f785f9d6d"",""playerBId"":""oe:player:39ffb885bfbe09aa1cf72408e10353c"",""playerA"":""FengDere"",""playerB"":""Baybror"",""stats"":{""eligible"":false,""n_games_total"":8.0,""n_games"":8.0,""n_days"":8.0,""mean_impact"":-0.17485278,""shrunk_impact"":-0.07771235,""ci_low"":-0.3033231,""ci_high"":0.17388933,""win_rate"":0.0}},""value"":-0.07771235},{""row"":3,""col"":1,""kind"":""sparse"",""pair"":{""id"":""pair-f03ac933d13fe0fa"",""teamId"":""oe:team:4e653f6d72f24b97fb8f67d25a03c90"",""teamName"":""The Plan"",""playerAId"":""oe:player:39ffb885bfbe09aa1cf72408e10353c"",""playerBId"":""oe:player:c533f6ed4f3a8ef15bea47469115cfc"",""playerA"":""Baybror"",""playerB"":""Monkey750"",""stats"":{""eligible"":false,""n_games_total"":8.0,""n_games"":8.0,""n_days"":8.0,""mean_impact"":0.01416524,""shrunk_impact"":0.00629566,""ci_low"":-0.29648768,""ci_high"":0.34390092,""win_rate"":0.0}},""value"":0.00629566},{""row"":3,""col"":2,""kind"":""sparse"",""pair"":{""id"":""pair-c00166fea31a72cf"",""teamId"":""oe:team:4e653f6d72f24b97fb8f67d25a03c90"",""teamName"":""The Plan"",""playerAId"":""oe:player:39ffb885bfbe09aa1cf72408e10353c"",""playerBId"":""oe:player:7b0aeb1bb297b0d44629e94186bcb6a"",""playerA"":""Baybror"",""playerB"":""Nafkelah"",""stats"":{""eligible"":false,""n_games_total"":4.0,""n_games"":4.0,""n_days"":4.0,""mean_impact"":-0.19983037,""shrunk_impact"":-0.05709439,""ci_low"":-0.29766168,""ci_high"":0.28292841,""win_rate"":0.0}},""value"":-0.05709439},{""row"":3,""col"":3,""kind"":""self"",""pair"":null,""value"":null},{""row"":3,""col"":4,""kind"":""sparse"",""pair"":{""id"":""pair-36f9bdd7d1c06dae"",""teamId"":""oe:team:4e653f6d72f24b97fb8f67d25a03c90"",""teamName"":""The Plan"",""playerAId"":""oe:player:39ffb885bfbe09aa1cf72408e10353c"",""playerBId"":""oe:player:acc1b36d8d542ce2e2ee369a40267ae"",""playerA"":""Baybror"",""playerB"":""KroMAX"",""stats"":{""eligible"":false,""n_games_total"":7.0,""n_games"":7.0,""n_days"":7.0,""mean_impact"":-0.27856744,""shrunk_impact"":-0.11470424,""ci_low"":-0.40901421,""ci_high"":0.22786894,""win_rate"":0.0}},""value"":-0.11470424},{""row"":4,""col"":0,""kind"":""eligible"",""pair"":{""id"":""pair-13674d19460c6de1"",""teamId"":""oe:team:4e653f6d72f24b97fb8f67d25a03c90"",""teamName"":""The Plan"",""playerAId"":""oe:player:24bb48091f3f1bb7302ac7f785f9d6d"",""playerBId"":""oe:player:acc1b36d8d542ce2e2ee369a40267ae"",""playerA"":""FengDere"",""playerB"":""KroMAX"",""stats"":{""eligible"":true,""n_games_total"":12.0,""n_games"":12.0,""n_days"":12.0,""mean_impact"":-0.22154816,""shrunk_impact"":-0.12084445,""ci_low"":-0.35845969,""ci_high"":0.21559237,""win_rate"":0.08333333}},""value"":-0.12084445},{""row"":4,""col"":1,""kind"":""sparse"",""pair"":{""id"":""pair-86ad20a197098059"",""teamId"":""oe:team:4e653f6d72f24b97fb8f67d25a03c90"",""teamName"":""The Plan"",""playerAId"":""oe:player:acc1b36d8d542ce2e2ee369a40267ae"",""playerBId"":""oe:player:c533f6ed4f3a8ef15bea47469115cfc"",""playerA"":""KroMAX"",""playerB"":""Monkey750"",""stats"":{""eligible"":false,""n_games_total"":7.0,""n_games"":7.0,""n_days"":7.0,""mean_impact"":0.17757797,""shrunk_impact"":0.07312034,""ci_low"":-0.20214738,""ci_high"":0.39277538,""win_rate"":0.0}},""value"":0.07312034},{""row"":4,""col"":2,""kind"":""sparse"",""pair"":{""id"":""pair-367f4783a92e946d"",""teamId"":""oe:team:4e653f6d72f24b97fb8f67d25a03c90"",""teamName"":""The Plan"",""playerAId"":""oe:player:7b0aeb1bb297b0d44629e94186bcb6a"",""playerBId"":""oe:player:acc1b36d8d542ce2e2ee369a40267ae"",""playerA"":""Nafkelah"",""playerB"":""KroMAX"",""stats"":{""eligible"":false,""n_games_total"":3.0,""n_games"":3.0,""n_days"":3.0,""mean_impact"":0.42110809,""shrunk_impact"":0.09717879,""ci_low"":-0.21081042,""ci_high"":0.62470649,""win_rate"":0.0}},""value"":0.09717879},{""row"":4,""col"":3,""kind"":""sparse"",""pair"":{""id"":""pair-36f9bdd7d1c06dae"",""teamId"":""oe:team:4e653f6d72f24b97fb8f67d25a03c90"",""teamName"":""The Plan"",""playerAId"":""oe:player:39ffb885bfbe09aa1cf72408e10353c"",""playerBId"":""oe:player:acc1b36d8d542ce2e2ee369a40267ae"",""playerA"":""Baybror"",""playerB"":""KroMAX"",""stats"":{""eligible"":false,""n_games_total"":7.0,""n_games"":7.0,""n_days"":7.0,""mean_impact"":-0.27856744,""shrunk_impact"":-0.11470424,""ci_low"":-0.40901421,""ci_high"":0.22786894,""win_rate"":0.0}},""value"":-0.11470424},{""row"":4,""col"":4,""kind"":""self"",""pair"":null,""value"":null}],""limit"":0.15,""hasEligiblePair"":true}"
lineup-2e8b7e77c8e29d42,oe:team:3921fffdab4f130255658ea322e1ab6,x25 Esports,2019,oe:player:cb5feb1b7314637725a2e73bdc9f729,Color,oe:player:a2343d04ce4dafae3aa458b006ec880,Fallen,oe:player:72de20c106a52f0aaf21bd650af81bd,Diva,oe:player:0696ba507e9f097b48b4aa96e644ef7,Plox,oe:player:f9657c5a481662ab773f3ecc8305a48,WildPanda,13,6,6,-0.54574324,-0.20465372,-0.38134635,0.01122838,False,0.33333333,337.56874392,1.37515172,0.20726694,0.24439240,0.20740485,0.23795711,0.18213515,0.12535076,0.22749120,0.28170108,0.23531482,0.24600375,0.14765397,0.10898730,"{""version"":1,""players"":[{""id"":""oe:player:cb5feb1b7314637725a2e73bdc9f729"",""name"":""Color"",""role"":""top""},{""id"":""oe:player:a2343d04ce4dafae3aa458b006ec880"",""name"":""Fallen"",""role"":""jng""},{""id"":""oe:player:72de20c106a52f0aaf21bd650af81bd"",""name"":""Diva"",""role"":""mid""},{""id"":""oe:player:0696ba507e9f097b48b4aa96e644ef7"",""name"":""Plox"",""role"":""bot""},{""id"":""oe:player:f9657c5a481662ab773f3ecc8305a48"",""name"":""WildPanda"",""role"":""sup""}],""cells"":[{""row"":0,""col"":0,""kind"":""self"",""pair"":null,""value"":null},{""row"":0,""col"":1,""kind"":""sparse"",""pair"":{""id"":""pair-cc381cb082793410"",""teamId"":""oe:team:3921fffdab4f130255658ea322e1ab6"",""teamName"":""x25 Esports"",""playerAId"":""oe:player:a2343d04ce4dafae3aa458b006ec880"",""playerBId"":""oe:player:cb5feb1b7314637725a2e73bdc9f729"",""playerA"":""Fallen"",""playerB"":""Color"",""stats"":{""eligible"":false,""n_games_total"":13.0,""n_games"":6.0,""n_days"":6.0,""mean_impact"":-0.27633076,""shrunk_impact"":-0.10362404,""ci_low"":-0.40331015,""ci_high"":0.1918409,""win_rate"":0.33333333}},""value"":-0.10362404},{""row"":0,""col"":2,""kind"":""sparse"",""pair"":{""id"":""pair-96da734bc5ea0ab3"",""teamId"":""oe:team:3921fffdab4f130255658ea322e1ab6"",""teamName"":""x25 Esports"",""playerAId"":""oe:player:72de20c106a52f0aaf21bd650af81bd"",""playerBId"":""oe:player:cb5feb1b7314637725a2e73bdc9f729"",""playerA"":""Diva"",""playerB"":""Color"",""stats"":{""eligible"":false,""n_games_total"":13.0,""n_games"":6.0,""n_days"":6.0,""mean_impact"":0.00264103,""shrunk_impact"":0.00099039,""ci_low"":-0.32110878,""ci_high"":0.28303144,""win_rate"":0.33333333}},""value"":0.00099039},{""row"":0,""col"":3,""kind"":""sparse"",""pair"":{""id"":""pair-65c8fa34aeb02039"",""teamId"":""oe:team:3921fffdab4f130255658ea322e1ab6"",""teamName"":""x25 Esports"",""playerAId"":""oe:player:0696ba507e9f097b48b4aa96e644ef7"",""playerBId"":""oe:player:cb5feb1b7314637725a2e73bdc9f729"",""playerA"":""Plox"",""playerB"":""Color"",""stats"":{""eligible"":false,""n_games_total"":13.0,""n_games"":6.0,""n_days"":6.0,""mean_impact"":-0.2101097,""shrunk_impact"":-0.07879114,""ci_low"":-0.33440353,""ci_high"":0.17787719,""win_rate"":0.33333333}},""value"":-0.07879114},{""row"":0,""col"":4,""kind"":""sparse"",""pair"":{""id"":""pair-81fe8451bb29b79d"",""teamId"":""oe:team:3921fffdab4f130255658ea322e1ab6"",""teamName"":""x25 Esports"",""playerAId"":""oe:player:cb5feb1b7314637725a2e73bdc9f729"",""playerBId"":""oe:player:f9657c5a481662ab773f3ecc8305a48"",""playerA"":""Color"",""playerB"":""WildPanda"",""stats"":{""eligible"":false,""n_games_total"":13.0,""n_games"":6.0,""n_days"":6.0,""mean_impact"":-0.62270992,""shrunk_impact"":-0.23351622,""ci_low"":-0.51841415,""ci_high"":0.08417137,""win_rate"":0.33333333}},""value"":-0.23351622},{""row"":1,""col"":0,""kind"":""sparse"",""pair"":{""id"":""pair-cc381cb082793410"",""teamId"":""oe:team:3921fffdab4f130255658ea322e1ab6"",""teamName"":""x25 Esports"",""playerAId"":""oe:player:a2343d04ce4dafae3aa458b006ec880"",""playerBId"":""oe:player:cb5feb1b7314637725a2e73bdc9f729"",""playerA"":""Fallen"",""playerB"":""Color"",""stats"":{""eligible"":false,""n_games_total"":13.0,""n_games"":6.0,""n_days"":6.0,""mean_impact"":-0.27633076,""shrunk_impact"":-0.10362404,""ci_low"":-0.40331015,""ci_high"":0.1918409,""win_rate"":0.33333333}},""value"":-0.10362404},{""row"":1,""col"":1,""kind"":""self"",""pair"":null,""value"":null},{""row"":1,""col"":2,""kind"":""sparse"",""pair"":{""id"":""pair-dd2faea828422a80"",""teamId"":""oe:team:3921fffdab4f130255658ea322e1ab6"",""teamName"":""x25 Esports"",""playerAId"":""oe:player:72de20c106a52f0aaf21bd650af81bd"",""playerBId"":""oe:player:a2343d04ce4dafae3aa458b006ec880"",""playerA"":""Diva"",""playerB"":""Fallen"",""stats"":{""eligible"":false,""n_games_total"":13.0,""n_games"":6.0,""n_days"":6.0,""mean_impact"":-0.4455889,""shrunk_impact"":-0.16709584,""ci_low"":-0.36367165,""ci_high"":0.00360766,""win_rate"":0.33333333}},""value"":-0.16709584},{""row"":1,""col"":3,""kind"":""sparse"",""pair"":{""id"":""pair-7e50f23a4eb786f8"",""teamId"":""oe:team:3921fffdab4f130255658ea322e1ab6"",""teamName"":""x25 Esports"",""playerAId"":""oe:player:0696ba507e9f097b48b4aa96e644ef7"",""playerBId"":""oe:player:a2343d04ce4dafae3aa458b006ec880"",""playerA"":""Plox"",""playerB"":""Fallen"",""stats"":{""eligible"":false,""n_games_total"":13.0,""n_games"":6.0,""n_days"":6.0,""mean_impact"":-0.65833964,""shrunk_impact"":-0.24687736,""ci_low"":-0.37640879,""ci_high"":-0.09647861,""win_rate"":0.33333333}},""value"":-0.24687736},{""row"":1,""col"":4,""kind"":""sparse"",""pair"":{""id"":""pair-868efce7eeb27149"",""teamId"":""oe:team:3921fffdab4f130255658ea322e1ab6"",""teamName"":""x25 Esports"",""playerAId"":""oe:player:a2343d04ce4dafae3aa458b006ec880"",""playerBId"":""oe:player:f9657c5a481662ab773f3ecc8305a48"",""playerA"":""Fallen"",""playerB"":""WildPanda"",""stats"":{""eligible"":false,""n_games_total"":13.0,""n_games"":6.0,""n_days"":6.0,""mean_impact"":-1.07093985,""shrunk_impact"":-0.40160244,""ci_low"":-0.56767528,""ci_high"":-0.21600663,""win_rate"":0.33333333}},""value"":-0.40160244},{""row"":2,""col"":0,""kind"":""sparse"",""pair"":{""id"":""pair-96da734bc5ea0ab3"",""teamId"":""oe:team:3921fffdab4f130255658ea322e1ab6"",""teamName"":""x25 Esports"",""playerAId"":""oe:player:72de20c106a52f0aaf21bd650af81bd"",""playerBId"":""oe:player:cb5feb1b7314637725a2e73bdc9f729"",""playerA"":""Diva"",""playerB"":""Color"",""stats"":{""eligible"":false,""n_games_total"":13.0,""n_games"":6.0,""n_days"":6.0,""mean_impact"":0.00264103,""shrunk_impact"":0.00099039,""ci_low"":-0.32110878,""ci_high"":0.28303144,""win_rate"":0.33333333}},""value"":0.00099039},{""row"":2,""col"":1,""kind"":""sparse"",""pair"":{""id"":""pair-dd2faea828422a80"",""teamId"":""oe:team:3921fffdab4f130255658ea322e1ab6"",""teamName"":""x25 Esports"",""playerAId"":""oe:player:72de20c106a52f0aaf21bd650af81bd"",""playerBId"":""oe:player:a2343d04ce4dafae3aa458b006ec880"",""playerA"":""Diva"",""playerB"":""Fallen"",""stats"":{""eligible"":false,""n_games_total"":13.0,""n_games"":6.0,""n_days"":6.0,""mean_impact"":-0.4455889,""shrunk_impact"":-0.16709584,""ci_low"":-0.36367165,""ci_high"":0.00360766,""win_rate"":0.33333333}},""value"":-0.16709584},{""row"":2,""col"":2,""kind"":""self"",""pair"":null,""value"":null},{""row"":2,""col"":3,""kind"":""sparse"",""pair"":{""id"":""pair-98f3e4fc1c79054c"",""teamId"":""oe:team:3921fffdab4f130255658ea322e1ab6"",""teamName"":""x25 Esports"",""playerAId"":""oe:player:0696ba507e9f097b48b4aa96e644ef7"",""playerBId"":""oe:player:72de20c106a52f0aaf21bd650af81bd"",""playerA"":""Plox"",""playerB"":""Diva"",""stats"":{""eligible"":false,""n_games_total"":13.0,""n_games"":6.0,""n_days"":6.0,""mean_impact"":-0.37936784,""shrunk_impact"":-0.14226294,""ci_low"":-0.32197307,""ci_high"":0.06542177,""win_rate"":0.33333333}},""value"":-0.14226294},{""row"":2,""col"":4,""kind"":""sparse"",""pair"":{""id"":""pair-01fcd6da69228c4b"",""teamId"":""oe:team:3921fffdab4f130255658ea322e1ab6"",""teamName"":""x25 Esports"",""playerAId"":""oe:player:72de20c106a52f0aaf21bd650af81bd"",""playerBId"":""oe:player:f9657c5a481662ab773f3ecc8305a48"",""playerA"":""Diva"",""playerB"":""WildPanda"",""stats"":{""eligible"":false,""n_games_total"":13.0,""n_games"":6.0,""n_days"":6.0,""mean_impact"":-0.79196805,""shrunk_impact"":-0.29698802,""ci_low"":-0.49429989,""ci_high"":-0.07747416,""win_rate"":0.33333333}},""value"":-0.29698802},{""row"":3,""col"":0,""kind"":""sparse"",""pair"":{""id"":""pair-65c8fa34aeb02039"",""teamId"":""oe:team:3921fffdab4f130255658ea322e1ab6"",""teamName"":""x25 Esports"",""playerAId"":""oe:player:0696ba507e9f097b48b4aa96e644ef7"",""playerBId"":""oe:player:cb5feb1b7314637725a2e73bdc9f729"",""playerA"":""Plox"",""playerB"":""Color"",""stats"":{""eligible"":false,""n_games_total"":13.0,""n_games"":6.0,""n_days"":6.0,""mean_impact"":-0.2101097,""shrunk_impact"":-0.07879114,""ci_low"":-0.33440353,""ci_high"":0.17787719,""win_rate"":0.33333333}},""value"":-0.07879114},{""row"":3,""col"":1,""kind"":""sparse"",""pair"":{""id"":""pair-7e50f23a4eb786f8"",""teamId"":""oe:team:3921fffdab4f130255658ea322e1ab6"",""teamName"":""x25 Esports"",""playerAId"":""oe:player:0696ba507e9f097b48b4aa96e644ef7"",""playerBId"":""oe:player:a2343d04ce4dafae3aa458b006ec880"",""playerA"":""Plox"",""playerB"":""Fallen"",""stats"":{""eligible"":false,""n_games_total"":13.0,""n_games"":6.0,""n_days"":6.0,""mean_impact"":-0.65833964,""shrunk_impact"":-0.24687736,""ci_low"":-0.37640879,""ci_high"":-0.09647861,""win_rate"":0.33333333}},""value"":-0.24687736},{""row"":3,""col"":2,""kind"":""sparse"",""pair"":{""id"":""pair-98f3e4fc1c79054c"",""teamId"":""oe:team:3921fffdab4f130255658ea322e1ab6"",""teamName"":""x25 Esports"",""playerAId"":""oe:player:0696ba507e9f097b48b4aa96e644ef7"",""playerBId"":""oe:player:72de20c106a52f0aaf21bd650af81bd"",""playerA"":""Plox"",""playerB"":""Diva"",""stats"":{""eligible"":false,""n_games_total"":13.0,""n_games"":6.0,""n_days"":6.0,""mean_impact"":-0.37936784,""shrunk_impact"":-0.14226294,""ci_low"":-0.32197307,""ci_high"":0.06542177,""win_rate"":0.33333333}},""value"":-0.14226294},{""row"":3,""col"":3,""kind"":""self"",""pair"":null,""value"":null},{""row"":3,""col"":4,""kind"":""sparse"",""pair"":{""id"":""pair-20f623644a520678"",""teamId"":""oe:team:3921fffdab4f130255658ea322e1ab6"",""teamName"":""x25 Esports"",""playerAId"":""oe:player:0696ba507e9f097b48b4aa96e644ef7"",""playerBId"":""oe:player:f9657c5a481662ab773f3ecc8305a48"",""playerA"":""Plox"",""playerB"":""WildPanda"",""stats"":{""eligible"":false,""n_games_total"":13.0,""n_games"":6.0,""n_days"":6.0,""mean_impact"":-1.00471879,""shrunk_impact"":-0.37676955,""ci_low"":-0.63077121,""ci_high"":-0.13055648,""win_rate"":0.33333333}},""value"":-0.37676955},{""row"":4,""col"":0,""kind"":""sparse"",""pair"":{""id"":""pair-81fe8451bb29b79d"",""teamId"":""oe:team:3921fffdab4f130255658ea322e1ab6"",""teamName"":""x25 Esports"",""playerAId"":""oe:player:cb5feb1b7314637725a2e73bdc9f729"",""playerBId"":""oe:player:f9657c5a481662ab773f3ecc8305a48"",""playerA"":""Color"",""playerB"":""WildPanda"",""stats"":{""eligible"":false,""n_games_total"":13.0,""n_games"":6.0,""n_days"":6.0,""mean_impact"":-0.62270992,""shrunk_impact"":-0.23351622,""ci_low"":-0.51841415,""ci_high"":0.08417137,""win_rate"":0.33333333}},""value"":-0.23351622},{""row"":4,""col"":1,""kind"":""sparse"",""pair"":{""id"":""pair-868efce7eeb27149"",""teamId"":""oe:team:3921fffdab4f130255658ea322e1ab6"",""teamName"":""x25 Esports"",""playerAId"":""oe:player:a2343d04ce4dafae3aa458b006ec880"",""playerBId"":""oe:player:f9657c5a481662ab773f3ecc8305a48"",""playerA"":""Fallen"",""playerB"":""WildPanda"",""stats"":{""eligible"":false,""n_games_total"":13.0,""n_games"":6.0,""n_days"":6.0,""mean_impact"":-1.07093985,""shrunk_impact"":-0.40160244,""ci_low"":-0.56767528,""ci_high"":-0.21600663,""win_rate"":0.33333333}},""value"":-0.40160244},{""row"":4,""col"":2,""kind"":""sparse"",""pair"":{""id"":""pair-01fcd6da69228c4b"",""teamId"":""oe:team:3921fffdab4f130255658ea322e1ab6"",""teamName"":""x25 Esports"",""playerAId"":""oe:player:72de20c106a52f0aaf21bd650af81bd"",""playerBId"":""oe:player:f9657c5a481662ab773f3ecc8305a48"",""playerA"":""Diva"",""playerB"":""WildPanda"",""stats"":{""eligible"":false,""n_games_total"":13.0,""n_games"":6.0,""n_days"":6.0,""mean_impact"":-0.79196805,""shrunk_impact"":-0.29698802,""ci_low"":-0.49429989,""ci_high"":-0.07747416,""win_rate"":0.33333333}},""value"":-0.29698802},{""row"":4,""col"":3,""kind"":""sparse"",""pair"":{""id"":""pair-20f623644a520678"",""teamId"":""oe:team:3921fffdab4f130255658ea322e1ab6"",""teamName"":""x25 Esports"",""playerAId"":""oe:player:0696ba507e9f097b48b4aa96e644ef7"",""playerBId"":""oe:player:f9657c5a481662ab773f3ecc8305a48"",""playerA"":""Plox"",""playerB"":""WildPanda"",""stats"":{""eligible"":false,""n_games_total"":13.0,""n_games"":6.0,""n_days"":6.0,""mean_impact"":-1.00471879,""shrunk_impact"":-0.37676955,""ci_low"":-0.63077121,""ci_high"":-0.13055648,""win_rate"":0.33333333}},""value"":-0.37676955},{""row"":4,""col"":4,""kind"":""self"",""pair"":null,""value"":null}],""limit"":0.40160244,""hasEligiblePair"":false}"
lineup-2f38fd78bbdb6c73,oe:team:8876fffa2a609c6e4cfddfbbaedc2dd,ASUS ROG ELITE,2019,oe:player:2bbe28db9e06c90942a4d24fb378139,Darkrai,oe:player:c050e974cfe2ffd0d3b676caa158759,Colamax,oe:player:3a9f2bb3d2438a1c49039f276537820,Zoiren,oe:player:08e28f2ab2ac70ac9f5390b7460f282,Goshuujinn,oe:player:69fcf7c5f68e79cd22831a85aa98f60,Tasteless,22,22,16,-0.05954352,-0.04093617,-0.13775459,0.07274265,True,0.63636364,396.10997786,1.35303539,0.20991650,0.25013217,0.20265273,0.21154683,0.17167157,0.11148414,0.23766049,0.27005627,0.24690575,0.30252313,0.14110947,0.10438962,"{""version"":1,""players"":[{""id"":""oe:player:2bbe28db9e06c90942a4d24fb378139"",""name"":""Darkrai"",""role"":""top""},{""id"":""oe:player:c050e974cfe2ffd0d3b676caa158759"",""name"":""Colamax"",""role"":""jng""},{""id"":""oe:player:3a9f2bb3d2438a1c49039f276537820"",""name"":""Zoiren"",""role"":""mid""},{""id"":""oe:player:08e28f2ab2ac70ac9f5390b7460f282"",""name"":""Goshuujinn"",""role"":""bot""},{""id"":""oe:player:69fcf7c5f68e79cd22831a85aa98f60"",""name"":""Tasteless"",""role"":""sup""}],""cells"":[{""row"":0,""col"":0,""kind"":""self"",""pair"":null,""value"":null},{""row"":0,""col"":1,""kind"":""eligible"",""pair"":{""id"":""pair-3f3a027f782d40b3"",""teamId"":""oe:team:8876fffa2a609c6e4cfddfbbaedc2dd"",""teamName"":""ASUS ROG ELITE"",""playerAId"":""oe:player:2bbe28db9e06c90942a4d24fb378139"",""playerBId"":""oe:player:c050e974cfe2ffd0d3b676caa158759"",""playerA"":""Darkrai"",""playerB"":""Colamax"",""stats"":{""eligible"":true,""n_games_total"":22.0,""n_games"":22.0,""n_days"":16.0,""mean_impact"":-0.23802842,""shrunk_impact"":-0.16364454,""ci_low"":-0.3505417,""ci_high"":-0.01067066,""win_rate"":0.63636364}},""value"":-0.16364454},{""row"":0,""col"":2,""kind"":""eligible"",""pair"":{""id"":""pair-44a04f109e58feda"",""teamId"":""oe:team:8876fffa2a609c6e4cfddfbbaedc2dd"",""teamName"":""ASUS ROG ELITE"",""playerAId"":""oe:player:2bbe28db9e06c90942a4d24fb378139"",""playerBId"":""oe:player:3a9f2bb3d2438a1c49039f276537820"",""playerA"":""Darkrai"",""playerB"":""Zoiren"",""stats"":{""eligible"":true,""n_games_total"":22.0,""n_games"":22.0,""n_days"":16.0,""mean_impact"":0.03872069,""shrunk_impact"":0.02662048,""ci_low"":-0.1516228,""ci_high"":0.26728624,""win_rate"":0.63636364}},""value"":0.02662048},{""row"":0,""col"":3,""kind"":""eligible"",""pair"":{""id"":""pair-afab9981acd179a2"",""teamId"":""oe:team:8876fffa2a609c6e4cfddfbbaedc2dd"",""teamName"":""ASUS ROG ELITE"",""playerAId"":""oe:player:08e28f2ab2ac70ac9f5390b7460f282"",""playerBId"":""oe:player:2bbe28db9e06c90942a4d24fb378139"",""playerA"":""Goshuujinn"",""playerB"":""Darkrai"",""stats"":{""eligible"":true,""n_games_total"":22.0,""n_games"":22.0,""n_days"":16.0,""mean_impact"":0.17617968,""shrunk_impact"":0.12112353,""ci_low"":-0.07669144,""ci_high"":0.26595691,""win_rate"":0.63636364}},""value"":0.12112353},{""row"":0,""col"":4,""kind"":""eligible"",""pair"":{""id"":""pair-c5dccb96b3e334af"",""teamId"":""oe:team:8876fffa2a609c6e4cfddfbbaedc2dd"",""teamName"":""ASUS ROG ELITE"",""playerAId"":""oe:player:2bbe28db9e06c90942a4d24fb378139"",""playerBId"":""oe:player:69fcf7c5f68e79cd22831a85aa98f60"",""playerA"":""Darkrai"",""playerB"":""Tasteless"",""stats"":{""eligible"":true,""n_games_total"":22.0,""n_games"":22.0,""n_days"":16.0,""mean_impact"":-0.11447644,""shrunk_impact"":-0.07870255,""ci_low"":-0.20364116,""ci_high"":0.06595631,""win_rate"":0.63636364}},""value"":-0.07870255},{""row"":1,""col"":0,""kind"":""eligible"",""pair"":{""id"":""pair-3f3a027f782d40b3"",""teamId"":""oe:team:8876fffa2a609c6e4cfddfbbaedc2dd"",""teamName"":""ASUS ROG ELITE"",""playerAId"":""oe:player:2bbe28db9e06c90942a4d24fb378139"",""playerBId"":""oe:player:c050e974cfe2ffd0d3b676caa158759"",""playerA"":""Darkrai"",""playerB"":""Colamax"",""stats"":{""eligible"":true,""n_games_total"":22.0,""n_games"":22.0,""n_days"":16.0,""mean_impact"":-0.23802842,""shrunk_impact"":-0.16364454,""ci_low"":-0.3505417,""ci_high"":-0.01067066,""win_rate"":0.63636364}},""value"":-0.16364454},{""row"":1,""col"":1,""kind"":""self"",""pair"":null,""value"":null},{""row"":1,""col"":2,""kind"":""eligible"",""pair"":{""id"":""pair-5baaaf8f19b61428"",""teamId"":""oe:team:8876fffa2a609c6e4cfddfbbaedc2dd"",""teamName"":""ASUS ROG ELITE"",""playerAId"":""oe:player:3a9f2bb3d2438a1c49039f276537820"",""playerBId"":""oe:player:c050e974cfe2ffd0d3b676caa158759"",""playerA"":""Zoiren"",""playerB"":""Colamax"",""stats"":{""eligible"":true,""n_games_total"":22.0,""n_games"":22.0,""n_days"":16.0,""mean_impact"":-0.20681061,""shrunk_impact"":-0.14218229,""ci_low"":-0.31270459,""ci_high"":0.10781029,""win_rate"":0.63636364}},""value"":-0.14218229},{""row"":1,""col"":3,""kind"":""eligible"",""pair"":{""id"":""pair-9bf73fcdb9cef64a"",""teamId"":""oe:team:8876fffa2a609c6e4cfddfbbaedc2dd"",""teamName"":""ASUS ROG ELITE"",""playerAId"":""oe:player:08e28f2ab2ac70ac9f5390b7460f282"",""playerBId"":""oe:player:c050e974cfe2ffd0d3b676caa158759"",""playerA"":""Goshuujinn"",""playerB"":""Colamax"",""stats"":{""eligible"":true,""n_games_total"":22.0,""n_games"":22.0,""n_days"":16.0,""mean_impact"":-0.06935162,""shrunk_impact"":-0.04767924,""ci_low"":-0.19949161,""ci_high"":0.060702,""win_rate"":0.63636364}},""value"":-0.04767924},{""row"":1,""col"":4,""kind"":""eligible"",""pair"":{""id"":""pair-90a021592e29add2"",""teamId"":""oe:team:8876fffa2a609c6e4cfddfbbaedc2dd"",""teamName"":""ASUS ROG ELITE"",""playerAId"":""oe:player:69fcf7c5f68e79cd22831a85aa98f60"",""playerBId"":""oe:player:c050e974cfe2ffd0d3b676caa158759"",""playerA"":""Tasteless"",""playerB"":""Colamax"",""stats"":{""eligible"":true,""n_games_total"":22.0,""n_games"":22.0,""n_days"":16.0,""mean_impact"":-0.36000774,""shrunk_impact"":-0.24750532,""ci_low"":-0.39052412,""ci_high"":-0.10335311,""win_rate"":0.63636364}},""value"":-0.24750532},{""row"":2,""col"":0,""kind"":""eligible"",""pair"":{""id"":""pair-44a04f109e58feda"",""teamId"":""oe:team:8876fffa2a609c6e4cfddfbbaedc2dd"",""teamName"":""ASUS ROG ELITE"",""playerAId"":""oe:player:2bbe28db9e06c90942a4d24fb378139"",""playerBId"":""oe:player:3a9f2bb3d2438a1c49039f276537820"",""playerA"":""Darkrai"",""playerB"":""Zoiren"",""stats"":{""eligible"":true,""n_games_total"":22.0,""n_games"":22.0,""n_days"":16.0,""mean_impact"":0.03872069,""shrunk_impact"":0.02662048,""ci_low"":-0.1516228,""ci_high"":0.26728624,""win_rate"":0.63636364}},""value"":0.02662048},{""row"":2,""col"":1,""kind"":""eligible"",""pair"":{""id"":""pair-5baaaf8f19b61428"",""teamId"":""oe:team:8876fffa2a609c6e4cfddfbbaedc2dd"",""teamName"":""ASUS ROG ELITE"",""playerAId"":""oe:player:3a9f2bb3d2438a1c49039f276537820"",""playerBId"":""oe:player:c050e974cfe2ffd0d3b676caa158759"",""playerA"":""Zoiren"",""playerB"":""Colamax"",""stats"":{""eligible"":true,""n_games_total"":22.0,""n_games"":22.0,""n_days"":16.0,""mean_impact"":-0.20681061,""shrunk_impact"":-0.14218229,""ci_low"":-0.31270459,""ci_high"":0.10781029,""win_rate"":0.63636364}},""value"":-0.14218229},{""row"":2,""col"":2,""kind"":""self"",""pair"":null,""value"":null},{""row"":2,""col"":3,""kind"":""eligible"",""pair"":{""id"":""pair-ae158c490344a8ba"",""teamId"":""oe:team:8876fffa2a609c6e4cfddfbbaedc2dd"",""teamName"":""ASUS ROG ELITE"",""playerAId"":""oe:player:08e28f2ab2ac70ac9f5390b7460f282"",""playerBId"":""oe:player:3a9f2bb3d2438a1c49039f276537820"",""playerA"":""Goshuujinn"",""playerB"":""Zoiren"",""stats"":{""eligible"":true,""n_games_total"":22.0,""n_games"":22.0,""n_days"":16.0,""mean_impact"":0.20739749,""shrunk_impact"":0.14258578,""ci_low"":-0.00918017,""ci_high"":0.35254405,""win_rate"":0.63636364}},""value"":0.14258578},{""row"":2,""col"":4,""kind"":""eligible"",""pair"":{""id"":""pair-57163f97e8fe957d"",""teamId"":""oe:team:8876fffa2a609c6e4cfddfbbaedc2dd"",""teamName"":""ASUS ROG ELITE"",""playerAId"":""oe:player:3a9f2bb3d2438a1c49039f276537820"",""playerBId"":""oe:player:69fcf7c5f68e79cd22831a85aa98f60"",""playerA"":""Zoiren"",""playerB"":""Tasteless"",""stats"":{""eligible"":true,""n_games_total"":22.0,""n_games"":22.0,""n_days"":16.0,""mean_impact"":-0.08325863,""shrunk_impact"":-0.05724031,""ci_low"":-0.23419599,""ci_high"":0.16804282,""win_rate"":0.63636364}},""value"":-0.05724031},{""row"":3,""col"":0,""kind"":""eligible"",""pair"":{""id"":""pair-afab9981acd179a2"",""teamId"":""oe:team:8876fffa2a609c6e4cfddfbbaedc2dd"",""teamName"":""ASUS ROG ELITE"",""playerAId"":""oe:player:08e28f2ab2ac70ac9f5390b7460f282"",""playerBId"":""oe:player:2bbe28db9e06c90942a4d24fb378139"",""playerA"":""Goshuujinn"",""playerB"":""Darkrai"",""stats"":{""eligible"":true,""n_games_total"":22.0,""n_games"":22.0,""n_days"":16.0,""mean_impact"":0.17617968,""shrunk_impact"":0.12112353,""ci_low"":-0.07669144,""ci_high"":0.26595691,""win_rate"":0.63636364}},""value"":0.12112353},{""row"":3,""col"":1,""kind"":""eligible"",""pair"":{""id"":""pair-9bf73fcdb9cef64a"",""teamId"":""oe:team:8876fffa2a609c6e4cfddfbbaedc2dd"",""teamName"":""ASUS ROG ELITE"",""playerAId"":""oe:player:08e28f2ab2ac70ac9f5390b7460f282"",""playerBId"":""oe:player:c050e974cfe2ffd0d3b676caa158759"",""playerA"":""Goshuujinn"",""playerB"":""Colamax"",""stats"":{""eligible"":true,""n_games_total"":22.0,""n_games"":22.0,""n_days"":16.0,""mean_impact"":-0.06935162,""shrunk_impact"":-0.04767924,""ci_low"":-0.19949161,""ci_high"":0.060702,""win_rate"":0.63636364}},""value"":-0.04767924},{""row"":3,""col"":2,""kind"":""eligible"",""pair"":{""id"":""pair-ae158c490344a8ba"",""teamId"":""oe:team:8876fffa2a609c6e4cfddfbbaedc2dd"",""teamName"":""ASUS ROG ELITE"",""playerAId"":""oe:player:08e28f2ab2ac70ac9f5390b7460f282"",""playerBId"":""oe:player:3a9f2bb3d2438a1c49039f276537820"",""playerA"":""Goshuujinn"",""playerB"":""Zoiren"",""stats"":{""eligible"":true,""n_games_total"":22.0,""n_games"":22.0,""n_days"":16.0,""mean_impact"":0.20739749,""shrunk_impact"":0.14258578,""ci_low"":-0.00918017,""ci_high"":0.35254405,""win_rate"":0.63636364}},""value"":0.14258578},{""row"":3,""col"":3,""kind"":""self"",""pair"":null,""value"":null},{""row"":3,""col"":4,""kind"":""eligible"",""pair"":{""id"":""pair-e4f015e55b8b2e40"",""teamId"":""oe:team:8876fffa2a609c6e4cfddfbbaedc2dd"",""teamName"":""ASUS ROG ELITE"",""playerAId"":""oe:player:08e28f2ab2ac70ac9f5390b7460f282"",""playerBId"":""oe:player:69fcf7c5f68e79cd22831a85aa98f60"",""playerA"":""Goshuujinn"",""playerB"":""Tasteless"",""stats"":{""eligible"":true,""n_games_total"":22.0,""n_games"":22.0,""n_days"":16.0,""mean_impact"":0.05420036,""shrunk_impact"":0.03726275,""ci_low"":-0.08845957,""ci_high"":0.14638554,""win_rate"":0.63636364}},""value"":0.03726275},{""row"":4,""col"":0,""kind"":""eligible"",""pair"":{""id"":""pair-c5dccb96b3e334af"",""teamId"":""oe:team:8876fffa2a609c6e4cfddfbbaedc2dd"",""teamName"":""ASUS ROG ELITE"",""playerAId"":""oe:player:2bbe28db9e06c90942a4d24fb378139"",""playerBId"":""oe:player:69fcf7c5f68e79cd22831a85aa98f60"",""playerA"":""Darkrai"",""playerB"":""Tasteless"",""stats"":{""eligible"":true,""n_games_total"":22.0,""n_games"":22.0,""n_days"":16.0,""mean_impact"":-0.11447644,""shrunk_impact"":-0.07870255,""ci_low"":-0.20364116,""ci_high"":0.06595631,""win_rate"":0.63636364}},""value"":-0.07870255},{""row"":4,""col"":1,""kind"":""eligible"",""pair"":{""id"":""pair-90a021592e29add2"",""teamId"":""oe:team:8876fffa2a609c6e4cfddfbbaedc2dd"",""teamName"":""ASUS ROG ELITE"",""playerAId"":""oe:player:69fcf7c5f68e79cd22831a85aa98f60"",""playerBId"":""oe:player:c050e974cfe2ffd0d3b676caa158759"",""playerA"":""Tasteless"",""playerB"":""Colamax"",""stats"":{""eligible"":true,""n_games_total"":22.0,""n_games"":22.0,""n_days"":16.0,""mean_impact"":-0.36000774,""shrunk_impact"":-0.24750532,""ci_low"":-0.39052412,""ci_high"":-0.10335311,""win_rate"":0.63636364}},""value"":-0.24750532},{""row"":4,""col"":2,""kind"":""eligible"",""pair"":{""id"":""pair-57163f97e8fe957d"",""teamId"":""oe:team:8876fffa2a609c6e4cfddfbbaedc2dd"",""teamName"":""ASUS ROG ELITE"",""playerAId"":""oe:player:3a9f2bb3d2438a1c49039f276537820"",""playerBId"":""oe:player:69fcf7c5f68e79cd22831a85aa98f60"",""playerA"":""Zoiren"",""playerB"":""Tasteless"",""stats"":{""eligible"":true,""n_games_total"":22.0,""n_games"":22.0,""n_days"":16.0,""mean_impact"":-0.08325863,""shrunk_impact"":-0.05724031,""ci_low"":-0.23419599,""ci_high"":0.16804282,""win_rate"":0.63636364}},""value"":-0.05724031},{""row"":4,""col"":3,""kind"":""eligible"",""pair"":{""id"":""pair-e4f015e55b8b2e40"",""teamId"":""oe:team:8876fffa2a609c6e4cfddfbbaedc2dd"",""teamName"":""ASUS ROG ELITE"",""playerAId"":""oe:player:08e28f2ab2ac70ac9f5390b7460f282"",""playerBId"":""oe:player:69fcf7c5f68e79cd22831a85aa98f60"",""playerA"":""Goshuujinn"",""playerB"":""Tasteless"",""stats"":{""eligible"":true,""n_games_total"":22.0,""n_games"":22.0,""n_days"":16.0,""mean_impact"":0.05420036,""shrunk_impact"":0.03726275,""ci_low"":-0.08845957,""ci_high"":0.14638554,""win_rate"":0.63636364}},""value"":0.03726275},{""row"":4,""col"":4,""kind"":""self"",""pair"":null,""value"":null}],""limit"":0.24750532,""hasEligiblePair"":true}"
lineup-3a64c0f20a18b54c,oe:team:6e30eb8b4abb3420042ac3a2eef5f23,Upper Echelon,2019,oe:player:1e46a840a80e3203f415214656b7279,Hahster,oe:player:59d3e9c49ec3cdfe1f3cc242209ff03,Cheelm,oe:player:43e21a17cd993cd43771f7c828b8853,Deluxe,oe:player:b3447b8c201d112b101008ecb320d5f,Hyper,oe:player:87b078185d3ab4c8b6efe97f6e6a749,prmk,2,2,2,0.99021907,0.16503651,,,False,0.50000000,505.41617336,1.34426056,0.21460168,0.23081973,0.22945880,0.20325774,0.15603407,0.11842851,0.21348547,0.27167253,0.27281400,0.26715654,0.12820766,0.13948468,"{""version"":1,""players"":[{""id"":""oe:player:1e46a840a80e3203f415214656b7279"",""name"":""Hahster"",""role"":""top""},{""id"":""oe:player:59d3e9c49ec3cdfe1f3cc242209ff03"",""name"":""Cheelm"",""role"":""jng""},{""id"":""oe:player:43e21a17cd993cd43771f7c828b8853"",""name"":""Deluxe"",""role"":""mid""},{""id"":""oe:player:b3447b8c201d112b101008ecb320d5f"",""name"":""Hyper"",""role"":""bot""},{""id"":""oe:player:87b078185d3ab4c8b6efe97f6e6a749"",""name"":""prmk"",""role"":""sup""}],""cells"":[{""row"":0,""col"":0,""kind"":""self"",""pair"":null,""value"":null},{""row"":0,""col"":1,""kind"":""eligible"",""pair"":{""id"":""pair-8185e29f7c17fcce"",""teamId"":""oe:team:6e30eb8b4abb3420042ac3a2eef5f23"",""teamName"":""Upper Echelon"",""playerAId"":""oe:player:1e46a840a80e3203f415214656b7279"",""playerBId"":""oe:player:59d3e9c49ec3cdfe1f3cc242209ff03"",""playerA"":""Hahster"",""playerB"":""Cheelm"",""stats"":{""eligible"":true,""n_games_total"":14.0,""n_games"":14.0,""n_days"":14.0,""mean_impact"":0.11866893,""shrunk_impact"":0.06922354,""ci_low"":-0.1675417,""ci_high"":0.31992927,""win_rate"":0.42857143}},""value"":0.06922354},{""row"":0,""col"":2,""kind"":""eligible"",""pair"":{""id"":""pair-d68d106b43f5e1aa"",""teamId"":""oe:team:6e30eb8b4abb3420042ac3a2eef5f23"",""teamName"":""Upper Echelon"",""playerAId"":""oe:player:1e46a840a80e3203f415214656b7279"",""playerBId"":""oe:player:43e21a17cd993cd43771f7c828b8853"",""playerA"":""Hahster"",""playerB"":""Deluxe"",""stats"":{""eligible"":true,""n_games_total"":13.0,""n_games"":13.0,""n_days"":13.0,""mean_impact"":0.36249837,""shrunk_impact"":0.20489038,""ci_low"":-0.13040729,""ci_high"":0.54645446,""win_rate"":0.46153846}},""value"":0.20489038},{""row"":0,""col"":3,""kind"":""sparse"",""pair"":{""id"":""pair-5c615653d1b0ea32"",""teamId"":""oe:team:6e30eb8b4abb3420042ac3a2eef5f23"",""teamName"":""Upper Echelon"",""playerAId"":""oe:player:1e46a840a80e3203f415214656b7279"",""playerBId"":""oe:player:b3447b8c201d112b101008ecb320d5f"",""playerA"":""Hahster"",""playerB"":""Hyper"",""stats"":{""eligible"":false,""n_games_total"":3.0,""n_games"":3.0,""n_days"":3.0,""mean_impact"":0.41021076,""shrunk_impact"":0.09466402,""ci_low"":-0.14880305,""ci_high"":0.24360819,""win_rate"":0.33333333}},""value"":0.09466402},{""row"":0,""col"":4,""kind"":""eligible"",""pair"":{""id"":""pair-c6d3df5b128fa3f2"",""teamId"":""oe:team:6e30eb8b4abb3420042ac3a2eef5f23"",""teamName"":""Upper Echelon"",""playerAId"":""oe:player:1e46a840a80e3203f415214656b7279"",""playerBId"":""oe:player:87b078185d3ab4c8b6efe97f6e6a749"",""playerA"":""Hahster"",""playerB"":""prmk"",""stats"":{""eligible"":true,""n_games_total"":12.0,""n_games"":12.0,""n_days"":12.0,""mean_impact"":0.3264021,""shrunk_impact"":0.17803751,""ci_low"":-0.11849293,""ci_high"":0.48873671,""win_rate"":0.5}},""value"":0.17803751},{""row"":1,""col"":0,""kind"":""eligible"",""pair"":{""id"":""pair-8185e29f7c17fcce"",""teamId"":""oe:team:6e30eb8b4abb3420042ac3a2eef5f23"",""teamName"":""Upper Echelon"",""playerAId"":""oe:player:1e46a840a80e3203f415214656b7279"",""playerBId"":""oe:player:59d3e9c49ec3cdfe1f3cc242209ff03"",""playerA"":""Hahster"",""playerB"":""Cheelm"",""stats"":{""eligible"":true,""n_games_total"":14.0,""n_games"":14.0,""n_days"":14.0,""mean_impact"":0.11866893,""shrunk_impact"":0.06922354,""ci_low"":-0.1675417,""ci_high"":0.31992927,""win_rate"":0.42857143}},""value"":0.06922354},{""row"":1,""col"":1,""kind"":""self"",""pair"":null,""value"":null},{""row"":1,""col"":2,""kind"":""eligible"",""pair"":{""id"":""pair-a26508fd09075cef"",""teamId"":""oe:team:6e30eb8b4abb3420042ac3a2eef5f23"",""teamName"":""Upper Echelon"",""playerAId"":""oe:player:43e21a17cd993cd43771f7c828b8853"",""playerBId"":""oe:player:59d3e9c49ec3cdfe1f3cc242209ff03"",""playerA"":""Deluxe"",""playerB"":""Cheelm"",""stats"":{""eligible"":true,""n_games_total"":13.0,""n_games"":13.0,""n_days"":13.0,""mean_impact"":0.30161,""shrunk_impact"":0.17047522,""ci_low"":-0.10405121,""ci_high"":0.45275685,""win_rate"":0.46153846}},""value"":0.17047522},{""row"":1,""col"":3,""kind"":""sparse"",""pair"":{""id"":""pair-f04030ef08a9f503"",""teamId"":""oe:team:6e30eb8b4abb3420042ac3a2eef5f23"",""teamName"":""Upper Echelon"",""playerAId"":""oe:player:59d3e9c49ec3cdfe1f3cc242209ff03"",""playerBId"":""oe:player:b3447b8c201d112b101008ecb320d5f"",""playerA"":""Cheelm"",""playerB"":""Hyper"",""stats"":{""eligible"":false,""n_games_total"":3.0,""n_games"":3.0,""n_days"":3.0,""mean_impact"":0.34600669,""shrunk_impact"":0.0798477,""ci_low"":-0.00065927,""ci_high"":0.17660473,""win_rate"":0.33333333}},""value"":0.0798477},{""row"":1,""col"":4,""kind"":""eligible"",""pair"":{""id"":""pair-8e2d5c0ce4e52f6a"",""teamId"":""oe:team:6e30eb8b4abb3420042ac3a2eef5f23"",""teamName"":""Upper Echelon"",""playerAId"":""oe:player:59d3e9c49ec3cdfe1f3cc242209ff03"",""playerBId"":""oe:player:87b078185d3ab4c8b6efe97f6e6a749"",""playerA"":""Cheelm"",""playerB"":""prmk"",""stats"":{""eligible"":true,""n_games_total"":12.0,""n_games"":12.0,""n_days"":12.0,""mean_impact"":0.32813189,""shrunk_impact"":0.17898103,""ci_low"":-0.0570434,""ci_high"":0.41330377,""win_rate"":0.5}},""value"":0.17898103},{""row"":2,""col"":0,""kind"":""eligible"",""pair"":{""id"":""pair-d68d106b43f5e1aa"",""teamId"":""oe:team:6e30eb8b4abb3420042ac3a2eef5f23"",""teamName"":""Upper Echelon"",""playerAId"":""oe:player:1e46a840a80e3203f415214656b7279"",""playerBId"":""oe:player:43e21a17cd993cd43771f7c828b8853"",""playerA"":""Hahster"",""playerB"":""Deluxe"",""stats"":{""eligible"":true,""n_games_total"":13.0,""n_games"":13.0,""n_days"":13.0,""mean_impact"":0.36249837,""shrunk_impact"":0.20489038,""ci_low"":-0.13040729,""ci_high"":0.54645446,""win_rate"":0.46153846}},""value"":0.20489038},{""row"":2,""col"":1,""kind"":""eligible"",""pair"":{""id"":""pair-a26508fd09075cef"",""teamId"":""oe:team:6e30eb8b4abb3420042ac3a2eef5f23"",""teamName"":""Upper Echelon"",""playerAId"":""oe:player:43e21a17cd993cd43771f7c828b8853"",""playerBId"":""oe:player:59d3e9c49ec3cdfe1f3cc242209ff03"",""playerA"":""Deluxe"",""playerB"":""Cheelm"",""stats"":{""eligible"":true,""n_games_total"":13.0,""n_games"":13.0,""n_days"":13.0,""mean_impact"":0.30161,""shrunk_impact"":0.17047522,""ci_low"":-0.10405121,""ci_high"":0.45275685,""win_rate"":0.46153846}},""value"":0.17047522},{""row"":2,""col"":2,""kind"":""self"",""pair"":null,""value"":null},{""row"":2,""col"":3,""kind"":""sparse"",""pair"":{""id"":""pair-13753bad05d23d7b"",""teamId"":""oe:team:6e30eb8b4abb3420042ac3a2eef5f23"",""teamName"":""Upper Echelon"",""playerAId"":""oe:player:43e21a17cd993cd43771f7c828b8853"",""playerBId"":""oe:player:b3447b8c201d112b101008ecb320d5f"",""playerA"":""Deluxe"",""playerB"":""Hyper"",""stats"":{""eligible"":false,""n_games_total"":2.0,""n_games"":2.0,""n_days"":2.0,""mean_impact"":1.19797529,""shrunk_impact"":0.19966255,""ci_low"":null,""ci_high"":null,""win_rate"":0.5}},""value"":0.19966255},{""row"":2,""col"":4,""kind"":""eligible"",""pair"":{""id"":""pair-4e85e6d81db35dd8"",""teamId"":""oe:team:6e30eb8b4abb3420042ac3a2eef5f23"",""teamName"":""Upper Echelon"",""playerAId"":""oe:player:43e21a17cd993cd43771f7c828b8853"",""playerBId"":""oe:player:87b078185d3ab4c8b6efe97f6e6a749"",""playerA"":""Deluxe"",""playerB"":""prmk"",""stats"":{""eligible"":true,""n_games_total"":12.0,""n_games"":12.0,""n_days"":12.0,""mean_impact"":0.55826968,""shrunk_impact"":0.30451074,""ci_low"":0.00013034,""ci_high"":0.6110667,""win_rate"":0.5}},""value"":0.30451074},{""row"":3,""col"":0,""kind"":""sparse"",""pair"":{""id"":""pair-5c615653d1b0ea32"",""teamId"":""oe:team:6e30eb8b4abb3420042ac3a2eef5f23"",""teamName"":""Upper Echelon"",""playerAId"":""oe:player:1e46a840a80e3203f415214656b7279"",""playerBId"":""oe:player:b3447b8c201d112b101008ecb320d5f"",""playerA"":""Hahster"",""playerB"":""Hyper"",""stats"":{""eligible"":false,""n_games_total"":3.0,""n_games"":3.0,""n_days"":3.0,""mean_impact"":0.41021076,""shrunk_impact"":0.09466402,""ci_low"":-0.14880305,""ci_high"":0.24360819,""win_rate"":0.33333333}},""value"":0.09466402},{""row"":3,""col"":1,""kind"":""sparse"",""pair"":{""id"":""pair-f04030ef08a9f503"",""teamId"":""oe:team:6e30eb8b4abb3420042ac3a2eef5f23"",""teamName"":""Upper Echelon"",""playerAId"":""oe:player:59d3e9c49ec3cdfe1f3cc242209ff03"",""playerBId"":""oe:player:b3447b8c201d112b101008ecb320d5f"",""playerA"":""Cheelm"",""playerB"":""Hyper"",""stats"":{""eligible"":false,""n_games_total"":3.0,""n_games"":3.0,""n_days"":3.0,""mean_impact"":0.34600669,""shrunk_impact"":0.0798477,""ci_low"":-0.00065927,""ci_high"":0.17660473,""win_rate"":0.33333333}},""value"":0.0798477},{""row"":3,""col"":2,""kind"":""sparse"",""pair"":{""id"":""pair-13753bad05d23d7b"",""teamId"":""oe:team:6e30eb8b4abb3420042ac3a2eef5f23"",""teamName"":""Upper Echelon"",""playerAId"":""oe:player:43e21a17cd993cd43771f7c828b8853"",""playerBId"":""oe:player:b3447b8c201d112b101008ecb320d5f"",""playerA"":""Deluxe"",""playerB"":""Hyper"",""stats"":{""eligible"":false,""n_games_total"":2.0,""n_games"":2.0,""n_days"":2.0,""mean_impact"":1.19797529,""shrunk_impact"":0.19966255,""ci_low"":null,""ci_high"":null,""win_rate"":0.5}},""value"":0.19966255},{""row"":3,""col"":3,""kind"":""self"",""pair"":null,""value"":null},{""row"":3,""col"":4,""kind"":""sparse"",""pair"":{""id"":""pair-605f5ddac5d86867"",""teamId"":""oe:team:6e30eb8b4abb3420042ac3a2eef5f23"",""teamName"":""Upper Echelon"",""playerAId"":""oe:player:87b078185d3ab4c8b6efe97f6e6a749"",""playerBId"":""oe:player:b3447b8c201d112b101008ecb320d5f"",""playerA"":""prmk"",""playerB"":""Hyper"",""stats"":{""eligible"":false,""n_games_total"":2.0,""n_games"":2.0,""n_days"":2.0,""mean_impact"":1.63320196,""shrunk_impact"":0.27220033,""ci_low"":null,""ci_high"":null,""win_rate"":0.5}},""value"":0.27220033},{""row"":4,""col"":0,""kind"":""eligible"",""pair"":{""id"":""pair-c6d3df5b128fa3f2"",""teamId"":""oe:team:6e30eb8b4abb3420042ac3a2eef5f23"",""teamName"":""Upper Echelon"",""playerAId"":""oe:player:1e46a840a80e3203f415214656b7279"",""playerBId"":""oe:player:87b078185d3ab4c8b6efe97f6e6a749"",""playerA"":""Hahster"",""playerB"":""prmk"",""stats"":{""eligible"":true,""n_games_total"":12.0,""n_games"":12.0,""n_days"":12.0,""mean_impact"":0.3264021,""shrunk_impact"":0.17803751,""ci_low"":-0.11849293,""ci_high"":0.48873671,""win_rate"":0.5}},""value"":0.17803751},{""row"":4,""col"":1,""kind"":""eligible"",""pair"":{""id"":""pair-8e2d5c0ce4e52f6a"",""teamId"":""oe:team:6e30eb8b4abb3420042ac3a2eef5f23"",""teamName"":""Upper Echelon"",""playerAId"":""oe:player:59d3e9c49ec3cdfe1f3cc242209ff03"",""playerBId"":""oe:player:87b078185d3ab4c8b6efe97f6e6a749"",""playerA"":""Cheelm"",""playerB"":""prmk"",""stats"":{""eligible"":true,""n_games_total"":12.0,""n_games"":12.0,""n_days"":12.0,""mean_impact"":0.32813189,""shrunk_impact"":0.17898103,""ci_low"":-0.0570434,""ci_high"":0.41330377,""win_rate"":0.5}},""value"":0.17898103},{""row"":4,""col"":2,""kind"":""eligible"",""pair"":{""id"":""pair-4e85e6d81db35dd8"",""teamId"":""oe:team:6e30eb8b4abb3420042ac3a2eef5f23"",""teamName"":""Upper Echelon"",""playerAId"":""oe:player:43e21a17cd993cd43771f7c828b8853"",""playerBId"":""oe:player:87b078185d3ab4c8b6efe97f6e6a749"",""playerA"":""Deluxe"",""playerB"":""prmk"",""stats"":{""eligible"":true,""n_games_total"":12.0,""n_games"":12.0,""n_days"":12.0,""mean_impact"":0.55826968,""shrunk_impact"":0.30451074,""ci_low"":0.00013034,""ci_high"":0.6110667,""win_rate"":0.5}},""value"":0.30451074},{""row"":4,""col"":3,""kind"":""sparse"",""pair"":{""id"":""pair-605f5ddac5d86867"",""teamId"":""oe:team:6e30eb8b4abb3420042ac3a2eef5f23"",""teamName"":""Upper Echelon"",""playerAId"":""oe:player:87b078185d3ab4c8b6efe97f6e6a749"",""playerBId"":""oe:player:b3447b8c201d112b101008ecb320d5f"",""playerA"":""prmk"",""playerB"":""Hyper"",""stats"":{""eligible"":false,""n_games_total"":2.0,""n_games"":2.0,""n_days"":2.0,""mean_impact"":1.63320196,""shrunk_impact"":0.27220033,""ci_low"":null,""ci_high"":null,""win_rate"":0.5}},""value"":0.27220033},{""row"":4,""col"":4,""kind"":""self"",""pair"":null,""value"":null}],""limit"":0.30451074,""hasEligiblePair"":true}"
lineup-4ce013d355d23dda,oe:team:4e653f6d72f24b97fb8f67d25a03c90,The Plan,2019,oe:player:eca01354c2fb2e7c18703daf848bc13,Ken,oe:player:c533f6ed4f3a8ef15bea47469115cfc,Monkey750,oe:player:7b0aeb1bb297b0d44629e94186bcb6a,Nafkelah,oe:player:39ffb885bfbe09aa1cf72408e10353c,Baybror,oe:player:24bb48091f3f1bb7302ac7f785f9d6d,FengDere,1,1,1,-0.70575058,-0.06415914,,,False,0.00000000,287.21130221,1.06879607,0.20556453,0.24614096,0.21641046,0.21852945,0.18262128,0.08238162,0.20108804,0.27832670,0.24990018,0.32354677,0.14998004,0.09721545,"{""version"":1,""players"":[{""id"":""oe:player:eca01354c2fb2e7c18703daf848bc13"",""name"":""Ken"",""role"":""jng""},{""id"":""oe:player:c533f6ed4f3a8ef15bea47469115cfc"",""name"":""Monkey750"",""role"":""jng""},{""id"":""oe:player:7b0aeb1bb297b0d44629e94186bcb6a"",""name"":""Nafkelah"",""role"":""mid""},{""id"":""oe:player:39ffb885bfbe09aa1cf72408e10353c"",""name"":""Baybror"",""role"":""bot""},{""id"":""oe:player:24bb48091f3f1bb7302ac7f785f9d6d"",""name"":""FengDere"",""role"":""sup""}],""cells"":[{""row"":0,""col"":0,""kind"":""self"",""pair"":null,""value"":null},{""row"":0,""col"":1,""kind"":""sparse"",""pair"":{""id"":""pair-d5c85890850c9158"",""teamId"":""oe:team:4e653f6d72f24b97fb8f67d25a03c90"",""teamName"":""The Plan"",""playerAId"":""oe:player:c533f6ed4f3a8ef15bea47469115cfc"",""playerBId"":""oe:player:eca01354c2fb2e7c18703daf848bc13"",""playerA"":""Monkey750"",""playerB"":""Ken"",""stats"":{""eligible"":false,""n_games_total"":1.0,""n_games"":1.0,""n_days"":1.0,""mean_impact"":-1.03264663,""shrunk_impact"":-0.09387697,""ci_low"":null,""ci_high"":null,""win_rate"":0.0}},""value"":-0.09387697},{""row"":0,""col"":2,""kind"":""sparse"",""pair"":{""id"":""pair-24d6a7b08184c93e"",""teamId"":""oe:team:4e653f6d72f24b97fb8f67d25a03c90"",""teamName"":""The Plan"",""playerAId"":""oe:player:7b0aeb1bb297b0d44629e94186bcb6a"",""playerBId"":""oe:player:eca01354c2fb2e7c18703daf848bc13"",""playerA"":""Nafkelah"",""playerB"":""Ken"",""stats"":{""eligible"":false,""n_games_total"":1.0,""n_games"":1.0,""n_days"":1.0,""mean_impact"":-0.64583905,""shrunk_impact"":-0.05871264,""ci_low"":null,""ci_high"":null,""win_rate"":0.0}},""value"":-0.05871264},{""row"":0,""col"":3,""kind"":""sparse"",""pair"":{""id"":""pair-3d43993563f503d1"",""teamId"":""oe:team:4e653f6d72f24b97fb8f67d25a03c90"",""teamName"":""The Plan"",""playerAId"":""oe:player:39ffb885bfbe09aa1cf72408e10353c"",""playerBId"":""oe:player:eca01354c2fb2e7c18703daf848bc13"",""playerA"":""Baybror"",""playerB"":""Ken"",""stats"":{""eligible"":false,""n_games_total"":1.0,""n_games"":1.0,""n_days"":1.0,""mean_impact"":-0.45271179,""shrunk_impact"":-0.04115562,""ci_low"":null,""ci_high"":null,""win_rate"":0.0}},""value"":-0.04115562},{""row"":0,""col"":4,""kind"":""sparse"",""pair"":{""id"":""pair-aabc1f2c4912d5c1"",""teamId"":""oe:team:4e653f6d72f24b97fb8f67d25a03c90"",""teamName"":""The Plan"",""playerAId"":""oe:player:24bb48091f3f1bb7302ac7f785f9d6d"",""playerBId"":""oe:player:eca01354c2fb2e7c18703daf848bc13"",""playerA"":""FengDere"",""playerB"":""Ken"",""stats"":{""eligible"":false,""n_games_total"":3.0,""n_games"":3.0,""n_days"":3.0,""mean_impact"":-0.41430315,""shrunk_impact"":-0.09560842,""ci_low"":-0.17559742,""ci_high"":0.06431385,""win_rate"":0.0}},""value"":-0.09560842},{""row"":1,""col"":0,""kind"":""sparse"",""pair"":{""id"":""pair-d5c85890850c9158"",""teamId"":""oe:team:4e653f6d72f24b97fb8f67d25a03c90"",""teamName"":""The Plan"",""playerAId"":""oe:player:c533f6ed4f3a8ef15bea47469115cfc"",""playerBId"":""oe:player:eca01354c2fb2e7c18703daf848bc13"",""playerA"":""Monkey750"",""playerB"":""Ken"",""stats"":{""eligible"":false,""n_games_total"":1.0,""n_games"":1.0,""n_days"":1.0,""mean_impact"":-1.03264663,""shrunk_impact"":-0.09387697,""ci_low"":null,""ci_high"":null,""win_rate"":0.0}},""value"":-0.09387697},{""row"":1,""col"":1,""kind"":""self"",""pair"":null,""value"":null},{""row"":1,""col"":2,""kind"":""sparse"",""pair"":{""id"":""pair-2c4b8799b030a411"",""teamId"":""oe:team:4e653f6d72f24b97fb8f67d25a03c90"",""teamName"":""The Plan"",""playerAId"":""oe:player:7b0aeb1bb297b0d44629e94186bcb6a"",""playerBId"":""oe:player:c533f6ed4f3a8ef15bea47469115cfc"",""playerA"":""Nafkelah"",""playerB"":""Monkey750"",""stats"":{""eligible"":false,""n_games_total"":4.0,""n_games"":4.0,""n_days"":4.0,""mean_impact"":0.1381664,""shrunk_impact"":0.03947612,""ci_low"":-0.23120896,""ci_high"":0.48807894,""win_rate"":0.0}},""value"":0.03947612},{""row"":1,""col"":3,""kind"":""sparse"",""pair"":{""id"":""pair-f03ac933d13fe0fa"",""teamId"":""oe:team:4e653f6d72f24b97fb8f67d25a03c90"",""teamName"":""The Plan"",""playerAId"":""oe:player:39ffb885bfbe09aa1cf72408e10353c"",""playerBId"":""oe:player:c533f6ed4f3a8ef15bea47469115cfc"",""playerA"":""Baybror"",""playerB"":""Monkey750"",""stats"":{""eligible"":false,""n_games_total"":8.0,""n_games"":8.0,""n_days"":8.0,""mean_impact"":0.01416524,""shrunk_impact"":0.00629566,""ci_low"":-0.29648768,""ci_high"":0.34390092,""win_rate"":0.0}},""value"":0.00629566},{""row"":1,""col"":4,""kind"":""sparse"",""pair"":{""id"":""pair-da6c06df7a13f11c"",""teamId"":""oe:team:4e653f6d72f24b97fb8f67d25a03c90"",""teamName"":""The Plan"",""playerAId"":""oe:player:24bb48091f3f1bb7302ac7f785f9d6d"",""playerBId"":""oe:player:c533f6ed4f3a8ef15bea47469115cfc"",""playerA"":""FengDere"",""playerB"":""Monkey750"",""stats"":{""eligible"":false,""n_games_total"":8.0,""n_games"":8.0,""n_days"":8.0,""mean_impact"":0.15178259,""shrunk_impact"":0.06745893,""ci_low"":-0.20210825,""ci_high"":0.35660235,""win_rate"":0.0}},""value"":0.06745893},{""row"":2,""col"":0,""kind"":""sparse"",""pair"":{""id"":""pair-24d6a7b08184c93e"",""teamId"":""oe:team:4e653f6d72f24b97fb8f67d25a03c90"",""teamName"":""The Plan"",""playerAId"":""oe:player:7b0aeb1bb297b0d44629e94186bcb6a"",""playerBId"":""oe:player:eca01354c2fb2e7c18703daf848bc13"",""playerA"":""Nafkelah"",""playerB"":""Ken"",""stats"":{""eligible"":false,""n_games_total"":1.0,""n_games"":1.0,""n_days"":1.0,""mean_impact"":-0.64583905,""shrunk_impact"":-0.05871264,""ci_low"":null,""ci_high"":null,""win_rate"":0.0}},""value"":-0.05871264},{""row"":2,""col"":1,""kind"":""sparse"",""pair"":{""id"":""pair-2c4b8799b030a411"",""teamId"":""oe:team:4e653f6d72f24b97fb8f67d25a03c90"",""teamName"":""The Plan"",""playerAId"":""oe:player:7b0aeb1bb297b0d44629e94186bcb6a"",""playerBId"":""oe:player:c533f6ed4f3a8ef15bea47469115cfc"",""playerA"":""Nafkelah"",""playerB"":""Monkey750"",""stats"":{""eligible"":false,""n_games_total"":4.0,""n_games"":4.0,""n_days"":4.0,""mean_impact"":0.1381664,""shrunk_impact"":0.03947612,""ci_low"":-0.23120896,""ci_high"":0.48807894,""win_rate"":0.0}},""value"":0.03947612},{""row"":2,""col"":2,""kind"":""self"",""pair"":null,""value"":null},{""row"":2,""col"":3,""kind"":""sparse"",""pair"":{""id"":""pair-c00166fea31a72cf"",""teamId"":""oe:team:4e653f6d72f24b97fb8f67d25a03c90"",""teamName"":""The Plan"",""playerAId"":""oe:player:39ffb885bfbe09aa1cf72408e10353c"",""playerBId"":""oe:player:7b0aeb1bb297b0d44629e94186bcb6a"",""playerA"":""Baybror"",""playerB"":""Nafkelah"",""stats"":{""eligible"":false,""n_games_total"":4.0,""n_games"":4.0,""n_days"":4.0,""mean_impact"":-0.19983037,""shrunk_impact"":-0.05709439,""ci_low"":-0.29766168,""ci_high"":0.28292841,""win_rate"":0.0}},""value"":-0.05709439},{""row"":2,""col"":4,""kind"":""sparse"",""pair"":{""id"":""pair-8db167659c4152dd"",""teamId"":""oe:team:4e653f6d72f24b97fb8f67d25a03c90"",""teamName"":""The Plan"",""playerAId"":""oe:player:24bb48091f3f1bb7302ac7f785f9d6d"",""playerBId"":""oe:player:7b0aeb1bb297b0d44629e94186bcb6a"",""playerA"":""FengDere"",""playerB"":""Nafkelah"",""stats"":{""eligible"":false,""n_games_total"":4.0,""n_games"":4.0,""n_days"":4.0,""mean_impact"":0.4193619,""shrunk_impact"":0.11981769,""ci_low"":-0.15815016,""ci_high"":0.61452329,""win_rate"":0.0}},""value"":0.11981769},{""row"":3,""col"":0,""kind"":""sparse"",""pair"":{""id"":""pair-3d43993563f503d1"",""teamId"":""oe:team:4e653f6d72f24b97fb8f67d25a03c90"",""teamName"":""The Plan"",""playerAId"":""oe:player:39ffb885bfbe09aa1cf72408e10353c"",""playerBId"":""oe:player:eca01354c2fb2e7c18703daf848bc13"",""playerA"":""Baybror"",""playerB"":""Ken"",""stats"":{""eligible"":false,""n_games_total"":1.0,""n_games"":1.0,""n_days"":1.0,""mean_impact"":-0.45271179,""shrunk_impact"":-0.04115562,""ci_low"":null,""ci_high"":null,""win_rate"":0.0}},""value"":-0.04115562},{""row"":3,""col"":1,""kind"":""sparse"",""pair"":{""id"":""pair-f03ac933d13fe0fa"",""teamId"":""oe:team:4e653f6d72f24b97fb8f67d25a03c90"",""teamName"":""The Plan"",""playerAId"":""oe:player:39ffb885bfbe09aa1cf72408e10353c"",""playerBId"":""oe:player:c533f6ed4f3a8ef15bea47469115cfc"",""playerA"":""Baybror"",""playerB"":""Monkey750"",""stats"":{""eligible"":false,""n_games_total"":8.0,""n_games"":8.0,""n_days"":8.0,""mean_impact"":0.01416524,""shrunk_impact"":0.00629566,""ci_low"":-0.29648768,""ci_high"":0.34390092,""win_rate"":0.0}},""value"":0.00629566},{""row"":3,""col"":2,""kind"":""sparse"",""pair"":{""id"":""pair-c00166fea31a72cf"",""teamId"":""oe:team:4e653f6d72f24b97fb8f67d25a03c90"",""teamName"":""The Plan"",""playerAId"":""oe:player:39ffb885bfbe09aa1cf72408e10353c"",""playerBId"":""oe:player:7b0aeb1bb297b0d44629e94186bcb6a"",""playerA"":""Baybror"",""playerB"":""Nafkelah"",""stats"":{""eligible"":false,""n_games_total"":4.0,""n_games"":4.0,""n_days"":4.0,""mean_impact"":-0.19983037,""shrunk_impact"":-0.05709439,""ci_low"":-0.29766168,""ci_high"":0.28292841,""win_rate"":0.0}},""value"":-0.05709439},{""row"":3,""col"":3,""kind"":""self"",""pair"":null,""value"":null},{""row"":3,""col"":4,""kind"":""sparse"",""pair"":{""id"":""pair-afd1c62d4be26498"",""teamId"":""oe:team:4e653f6d72f24b97fb8f67d25a03c90"",""teamName"":""The Plan"",""playerAId"":""oe:player:24bb48091f3f1bb7302ac7f785f9d6d"",""playerBId"":""oe:player:39ffb885bfbe09aa1cf72408e10353c"",""playerA"":""FengDere"",""playerB"":""Baybror"",""stats"":{""eligible"":false,""n_games_total"":8.0,""n_games"":8.0,""n_days"":8.0,""mean_impact"":-0.17485278,""shrunk_impact"":-0.07771235,""ci_low"":-0.3033231,""ci_high"":0.17388933,""win_rate"":0.0}},""value"":-0.07771235},{""row"":4,""col"":0,""kind"":""sparse"",""pair"":{""id"":""pair-aabc1f2c4912d5c1"",""teamId"":""oe:team:4e653f6d72f24b97fb8f67d25a03c90"",""teamName"":""The Plan"",""playerAId"":""oe:player:24bb48091f3f1bb7302ac7f785f9d6d"",""playerBId"":""oe:player:eca01354c2fb2e7c18703daf848bc13"",""playerA"":""FengDere"",""playerB"":""Ken"",""stats"":{""eligible"":false,""n_games_total"":3.0,""n_games"":3.0,""n_days"":3.0,""mean_impact"":-0.41430315,""shrunk_impact"":-0.09560842,""ci_low"":-0.17559742,""ci_high"":0.06431385,""win_rate"":0.0}},""value"":-0.09560842},{""row"":4,""col"":1,""kind"":""sparse"",""pair"":{""id"":""pair-da6c06df7a13f11c"",""teamId"":""oe:team:4e653f6d72f24b97fb8f67d25a03c90"",""teamName"":""The Plan"",""playerAId"":""oe:player:24bb48091f3f1bb7302ac7f785f9d6d"",""playerBId"":""oe:player:c533f6ed4f3a8ef15bea47469115cfc"",""playerA"":""FengDere"",""playerB"":""Monkey750"",""stats"":{""eligible"":false,""n_games_total"":8.0,""n_games"":8.0,""n_days"":8.0,""mean_impact"":0.15178259,""shrunk_impact"":0.06745893,""ci_low"":-0.20210825,""ci_high"":0.35660235,""win_rate"":0.0}},""value"":0.06745893},{""row"":4,""col"":2,""kind"":""sparse"",""pair"":{""id"":""pair-8db167659c4152dd"",""teamId"":""oe:team:4e653f6d72f24b97fb8f67d25a03c90"",""teamName"":""The Plan"",""playerAId"":""oe:player:24bb48091f3f1bb7302ac7f785f9d6d"",""playerBId"":""oe:player:7b0aeb1bb297b0d44629e94186bcb6a"",""playerA"":""FengDere"",""playerB"":""Nafkelah"",""stats"":{""eligible"":false,""n_games_total"":4.0,""n_games"":4.0,""n_days"":4.0,""mean_impact"":0.4193619,""shrunk_impact"":0.11981769,""ci_low"":-0.15815016,""ci_high"":0.61452329,""win_rate"":0.0}},""value"":0.11981769},{""row"":4,""col"":3,""kind"":""sparse"",""pair"":{""id"":""pair-afd1c62d4be26498"",""teamId"":""oe:team:4e653f6d72f24b97fb8f67d25a03c90"",""teamName"":""The Plan"",""playerAId"":""oe:player:24bb48091f3f1bb7302ac7f785f9d6d"",""playerBId"":""oe:player:39ffb885bfbe09aa1cf72408e10353c"",""playerA"":""FengDere"",""playerB"":""Baybror"",""stats"":{""eligible"":false,""n_games_total"":8.0,""n_games"":8.0,""n_days"":8.0,""mean_impact"":-0.17485278,""shrunk_impact"":-0.07771235,""ci_low"":-0.3033231,""ci_high"":0.17388933,""win_rate"":0.0}},""value"":-0.07771235},{""row"":4,""col"":4,""kind"":""self"",""pair"":null,""value"":null}],""limit"":0.15,""hasEligiblePair"":false}"
lineup-4eb51dc28d815013,oe:team:4e653f6d72f24b97fb8f67d25a03c90,The Plan,2019,oe:player:eca01354c2fb2e7c18703daf848bc13,Ken,oe:player:24ee61d18bac66e65561acb777bfa3e,Alby,oe:player:92446c031dbe789c917c6da0d7ab44b,Apples,oe:player:48bef668b5cb10ddc6c3865d460e327,TakeSet,oe:player:acc1b36d8d542ce2e2ee369a40267ae,KroMAX,1,1,1,-0.20031625,-0.01821057,,,False,1.00000000,394.37400000,1.30800000,0.21377058,0.27211752,0.19373466,0.19571270,0.17044708,0.11673690,0.20351993,0.21179388,0.29464749,0.41417031,0.13765084,0.06158621,"{""version"":1,""players"":[{""id"":""oe:player:eca01354c2fb2e7c18703daf848bc13"",""name"":""Ken"",""role"":""jng""},{""id"":""oe:player:24ee61d18bac66e65561acb777bfa3e"",""name"":""Alby"",""role"":""jng""},{""id"":""oe:player:92446c031dbe789c917c6da0d7ab44b"",""name"":""Apples"",""role"":""mid""},{""id"":""oe:player:48bef668b5cb10ddc6c3865d460e327"",""name"":""TakeSet"",""role"":""bot""},{""id"":""oe:player:acc1b36d8d542ce2e2ee369a40267ae"",""name"":""KroMAX"",""role"":""sup""}],""cells"":[{""row"":0,""col"":0,""kind"":""self"",""pair"":null,""value"":null},{""row"":0,""col"":1,""kind"":""sparse"",""pair"":{""id"":""pair-3e6dc7fe2ddc6d30"",""teamId"":""oe:team:4e653f6d72f24b97fb8f67d25a03c90"",""teamName"":""The Plan"",""playerAId"":""oe:player:24ee61d18bac66e65561acb777bfa3e"",""playerBId"":""oe:player:eca01354c2fb2e7c18703daf848bc13"",""playerA"":""Alby"",""playerB"":""Ken"",""stats"":{""eligible"":false,""n_games_total"":1.0,""n_games"":1.0,""n_days"":1.0,""mean_impact"":-0.3332559,""shrunk_impact"":-0.03029599,""ci_low"":null,""ci_high"":null,""win_rate"":1.0}},""value"":-0.03029599},{""row"":0,""col"":2,""kind"":""sparse"",""pair"":{""id"":""pair-847c8210d81abb84"",""teamId"":""oe:team:4e653f6d72f24b97fb8f67d25a03c90"",""teamName"":""The Plan"",""playerAId"":""oe:player:92446c031dbe789c917c6da0d7ab44b"",""playerBId"":""oe:player:eca01354c2fb2e7c18703daf848bc13"",""playerA"":""Apples"",""playerB"":""Ken"",""stats"":{""eligible"":false,""n_games_total"":3.0,""n_games"":3.0,""n_days"":3.0,""mean_impact"":-0.15863699,""shrunk_impact"":-0.03660854,""ci_low"":-0.08804788,""ci_high"":0.03102019,""win_rate"":0.33333333}},""value"":-0.03660854},{""row"":0,""col"":3,""kind"":""sparse"",""pair"":{""id"":""pair-5d23c5614b9c964f"",""teamId"":""oe:team:4e653f6d72f24b97fb8f67d25a03c90"",""teamName"":""The Plan"",""playerAId"":""oe:player:48bef668b5cb10ddc6c3865d460e327"",""playerBId"":""oe:player:eca01354c2fb2e7c18703daf848bc13"",""playerA"":""TakeSet"",""playerB"":""Ken"",""stats"":{""eligible"":false,""n_games_total"":3.0,""n_games"":3.0,""n_days"":3.0,""mean_impact"":0.04797505,""shrunk_impact"":0.01107117,""ci_low"":-0.26557214,""ci_high"":0.15944135,""win_rate"":0.33333333}},""value"":0.01107117},{""row"":0,""col"":4,""kind"":""sparse"",""pair"":{""id"":""pair-d892c1f3614b1d0d"",""teamId"":""oe:team:4e653f6d72f24b97fb8f67d25a03c90"",""teamName"":""The Plan"",""playerAId"":""oe:player:acc1b36d8d542ce2e2ee369a40267ae"",""playerBId"":""oe:player:eca01354c2fb2e7c18703daf848bc13"",""playerA"":""KroMAX"",""playerB"":""Ken"",""stats"":{""eligible"":false,""n_games_total"":3.0,""n_games"":3.0,""n_days"":3.0,""mean_impact"":-0.52823243,""shrunk_impact"":-0.12189979,""ci_low"":-0.21524851,""ci_high"":0.03982768,""win_rate"":0.33333333}},""value"":-0.12189979},{""row"":1,""col"":0,""kind"":""sparse"",""pair"":{""id"":""pair-3e6dc7fe2ddc6d30"",""teamId"":""oe:team:4e653f6d72f24b97fb8f67d25a03c90"",""teamName"":""The Plan"",""playerAId"":""oe:player:24ee61d18bac66e65561acb777bfa3e"",""playerBId"":""oe:player:eca01354c2fb2e7c18703daf848bc13"",""playerA"":""Alby"",""playerB"":""Ken"",""stats"":{""eligible"":false,""n_games_total"":1.0,""n_games"":1.0,""n_days"":1.0,""mean_impact"":-0.3332559,""shrunk_impact"":-0.03029599,""ci_low"":null,""ci_high"":null,""win_rate"":1.0}},""value"":-0.03029599},{""row"":1,""col"":1,""kind"":""self"",""pair"":null,""value"":null},{""row"":1,""col"":2,""kind"":""sparse"",""pair"":{""id"":""pair-73dfeb3f7e96458c"",""teamId"":""oe:team:4e653f6d72f24b97fb8f67d25a03c90"",""teamName"":""The Plan"",""playerAId"":""oe:player:24ee61d18bac66e65561acb777bfa3e"",""playerBId"":""oe:player:92446c031dbe789c917c6da0d7ab44b"",""playerA"":""Alby"",""playerB"":""Apples"",""stats"":{""eligible"":false,""n_games_total"":4.0,""n_games"":4.0,""n_days"":4.0,""mean_impact"":-0.2031175,""shrunk_impact"":-0.05803357,""ci_low"":-0.12096658,""ci_high"":0.00489944,""win_rate"":0.5}},""value"":-0.05803357},{""row"":1,""col"":3,""kind"":""sparse"",""pair"":{""id"":""pair-dbc4cf3cbccd4a37"",""teamId"":""oe:team:4e653f6d72f24b97fb8f67d25a03c90"",""teamName"":""The Plan"",""playerAId"":""oe:player:24ee61d18bac66e65561acb777bfa3e"",""playerBId"":""oe:player:48bef668b5cb10ddc6c3865d460e327"",""playerA"":""Alby"",""playerB"":""TakeSet"",""stats"":{""eligible"":false,""n_games_total"":4.0,""n_games"":4.0,""n_days"":4.0,""mean_impact"":-0.05353878,""shrunk_impact"":-0.01529679,""ci_low"":-0.20444351,""ci_high"":0.17384992,""win_rate"":0.5}},""value"":-0.01529679},{""row"":1,""col"":4,""kind"":""sparse"",""pair"":{""id"":""pair-012a4b351fb6a216"",""teamId"":""oe:team:4e653f6d72f24b97fb8f67d25a03c90"",""teamName"":""The Plan"",""playerAId"":""oe:player:24ee61d18bac66e65561acb777bfa3e"",""playerBId"":""oe:player:acc1b36d8d542ce2e2ee369a40267ae"",""playerA"":""Alby"",""playerB"":""KroMAX"",""stats"":{""eligible"":false,""n_games_total"":4.0,""n_games"":4.0,""n_days"":4.0,""mean_impact"":-0.39728711,""shrunk_impact"":-0.1135106,""ci_low"":-0.22501344,""ci_high"":0.01978976,""win_rate"":0.5}},""value"":-0.1135106},{""row"":2,""col"":0,""kind"":""sparse"",""pair"":{""id"":""pair-847c8210d81abb84"",""teamId"":""oe:team:4e653f6d72f24b97fb8f67d25a03c90"",""teamName"":""The Plan"",""playerAId"":""oe:player:92446c031dbe789c917c6da0d7ab44b"",""playerBId"":""oe:player:eca01354c2fb2e7c18703daf848bc13"",""playerA"":""Apples"",""playerB"":""Ken"",""stats"":{""eligible"":false,""n_games_total"":3.0,""n_games"":3.0,""n_days"":3.0,""mean_impact"":-0.15863699,""shrunk_impact"":-0.03660854,""ci_low"":-0.08804788,""ci_high"":0.03102019,""win_rate"":0.33333333}},""value"":-0.03660854},{""row"":2,""col"":1,""kind"":""sparse"",""pair"":{""id"":""pair-73dfeb3f7e96458c"",""teamId"":""oe:team:4e653f6d72f24b97fb8f67d25a03c90"",""teamName"":""The Plan"",""playerAId"":""oe:player:24ee61d18bac66e65561acb777bfa3e"",""playerBId"":""oe:player:92446c031dbe789c917c6da0d7ab44b"",""playerA"":""Alby"",""playerB"":""Apples"",""stats"":{""eligible"":false,""n_games_total"":4.0,""n_games"":4.0,""n_days"":4.0,""mean_impact"":-0.2031175,""shrunk_impact"":-0.05803357,""ci_low"":-0.12096658,""ci_high"":0.00489944,""win_rate"":0.5}},""value"":-0.05803357},{""row"":2,""col"":2,""kind"":""self"",""pair"":null,""value"":null},{""row"":2,""col"":3,""kind"":""sparse"",""pair"":{""id"":""pair-6172aec12b70cd1c"",""teamId"":""oe:team:4e653f6d72f24b97fb8f67d25a03c90"",""teamName"":""The Plan"",""playerAId"":""oe:player:48bef668b5cb10ddc6c3865d460e327"",""playerBId"":""oe:player:92446c031dbe789c917c6da0d7ab44b"",""playerA"":""TakeSet"",""playerB"":""Apples"",""stats"":{""eligible"":false,""n_games_total"":6.0,""n_games"":6.0,""n_days"":6.0,""mean_impact"":-0.07602131,""shrunk_impact"":-0.02850799,""ci_low"":-0.211482,""ci_high"":0.11449839,""win_rate"":0.33333333}},""value"":-0.02850799},{""row"":2,""col"":4,""kind"":""eligible"",""pair"":{""id"":""pair-e7c692b0121868d6"",""teamId"":""oe:team:4e653f6d72f24b97fb8f67d25a03c90"",""teamName"":""The Plan"",""playerAId"":""oe:player:92446c031dbe789c917c6da0d7ab44b"",""playerBId"":""oe:player:acc1b36d8d542ce2e2ee369a40267ae"",""playerA"":""Apples"",""playerB"":""KroMAX"",""stats"":{""eligible"":true,""n_games_total"":10.0,""n_games"":10.0,""n_days"":10.0,""mean_impact"":-0.08514323,""shrunk_impact"":-0.04257161,""ci_low"":-0.25712445,""ci_high"":0.19819192,""win_rate"":0.2}},""value"":-0.04257161},{""row"":3,""col"":0,""kind"":""sparse"",""pair"":{""id"":""pair-5d23c5614b9c964f"",""teamId"":""oe:team:4e653f6d72f24b97fb8f67d25a03c90"",""teamName"":""The Plan"",""playerAId"":""oe:player:48bef668b5cb10ddc6c3865d460e327"",""playerBId"":""oe:player:eca01354c2fb2e7c18703daf848bc13"",""playerA"":""TakeSet"",""playerB"":""Ken"",""stats"":{""eligible"":false,""n_games_total"":3.0,""n_games"":3.0,""n_days"":3.0,""mean_impact"":0.04797505,""shrunk_impact"":0.01107117,""ci_low"":-0.26557214,""ci_high"":0.15944135,""win_rate"":0.33333333}},""value"":0.01107117},{""row"":3,""col"":1,""kind"":""sparse"",""pair"":{""id"":""pair-dbc4cf3cbccd4a37"",""teamId"":""oe:team:4e653f6d72f24b97fb8f67d25a03c90"",""teamName"":""The Plan"",""playerAId"":""oe:player:24ee61d18bac66e65561acb777bfa3e"",""playerBId"":""oe:player:48bef668b5cb10ddc6c3865d460e327"",""playerA"":""Alby"",""playerB"":""TakeSet"",""stats"":{""eligible"":false,""n_games_total"":4.0,""n_games"":4.0,""n_days"":4.0,""mean_impact"":-0.05353878,""shrunk_impact"":-0.01529679,""ci_low"":-0.20444351,""ci_high"":0.17384992,""win_rate"":0.5}},""value"":-0.01529679},{""row"":3,""col"":2,""kind"":""sparse"",""pair"":{""id"":""pair-6172aec12b70cd1c"",""teamId"":""oe:team:4e653f6d72f24b97fb8f67d25a03c90"",""teamName"":""The Plan"",""playerAId"":""oe:player:48bef668b5cb10ddc6c3865d460e327"",""playerBId"":""oe:player:92446c031dbe789c917c6da0d7ab44b"",""playerA"":""TakeSet"",""playerB"":""Apples"",""stats"":{""eligible"":false,""n_games_total"":6.0,""n_games"":6.0,""n_days"":6.0,""mean_impact"":-0.07602131,""shrunk_impact"":-0.02850799,""ci_low"":-0.211482,""ci_high"":0.11449839,""win_rate"":0.33333333}},""value"":-0.02850799},{""row"":3,""col"":3,""kind"":""self"",""pair"":null,""value"":null},{""row"":3,""col"":4,""kind"":""sparse"",""pair"":{""id"":""pair-bc08cb78e5eca07e"",""teamId"":""oe:team:4e653f6d72f24b97fb8f67d25a03c90"",""teamName"":""The Plan"",""playerAId"":""oe:player:48bef668b5cb10ddc6c3865d460e327"",""playerBId"":""oe:player:acc1b36d8d542ce2e2ee369a40267ae"",""playerA"":""TakeSet"",""playerB"":""KroMAX"",""stats"":{""eligible"":false,""n_games_total"":6.0,""n_games"":6.0,""n_days"":6.0,""mean_impact"":-0.29839831,""shrunk_impact"":-0.11189937,""ci_low"":-0.29604597,""ci_high"":0.07136797,""win_rate"":0.33333333}},""value"":-0.11189937},{""row"":4,""col"":0,""kind"":""sparse"",""pair"":{""id"":""pair-d892c1f3614b1d0d"",""teamId"":""oe:team:4e653f6d72f24b97fb8f67d25a03c90"",""teamName"":""The Plan"",""playerAId"":""oe:player:acc1b36d8d542ce2e2ee369a40267ae"",""playerBId"":""oe:player:eca01354c2fb2e7c18703daf848bc13"",""playerA"":""KroMAX"",""playerB"":""Ken"",""stats"":{""eligible"":false,""n_games_total"":3.0,""n_games"":3.0,""n_days"":3.0,""mean_impact"":-0.52823243,""shrunk_impact"":-0.12189979,""ci_low"":-0.21524851,""ci_high"":0.03982768,""win_rate"":0.33333333}},""value"":-0.12189979},{""row"":4,""col"":1,""kind"":""sparse"",""pair"":{""id"":""pair-012a4b351fb6a216"",""teamId"":""oe:team:4e653f6d72f24b97fb8f67d25a03c90"",""teamName"":""The Plan"",""playerAId"":""oe:player:24ee61d18bac66e65561acb777bfa3e"",""playerBId"":""oe:player:acc1b36d8d542ce2e2ee369a40267ae"",""playerA"":""Alby"",""playerB"":""KroMAX"",""stats"":{""eligible"":false,""n_games_total"":4.0,""n_games"":4.0,""n_days"":4.0,""mean_impact"":-0.39728711,""shrunk_impact"":-0.1135106,""ci_low"":-0.22501344,""ci_high"":0.01978976,""win_rate"":0.5}},""value"":-0.1135106},{""row"":4,""col"":2,""kind"":""eligible"",""pair"":{""id"":""pair-e7c692b0121868d6"",""teamId"":""oe:team:4e653f6d72f24b97fb8f67d25a03c90"",""teamName"":""The Plan"",""playerAId"":""oe:player:92446c031dbe789c917c6da0d7ab44b"",""playerBId"":""oe:player:acc1b36d8d542ce2e2ee369a40267ae"",""playerA"":""Apples"",""playerB"":""KroMAX"",""stats"":{""eligible"":true,""n_games_total"":10.0,""n_games"":10.0,""n_days"":10.0,""mean_impact"":-0.08514323,""shrunk_impact"":-0.04257161,""ci_low"":-0.25712445,""ci_high"":0.19819192,""win_rate"":0.2}},""value"":-0.04257161},{""row"":4,""col"":3,""kind"":""sparse"",""pair"":{""id"":""pair-bc08cb78e5eca07e"",""teamId"":""oe:team:4e653f6d72f24b97fb8f67d25a03c90"",""teamName"":""The Plan"",""playerAId"":""oe:player:48bef668b5cb10ddc6c3865d460e327"",""playerBId"":""oe:player:acc1b36d8d542ce2e2ee369a40267ae"",""playerA"":""TakeSet"",""playerB"":""KroMAX"",""stats"":{""eligible"":false,""n_games_total"":6.0,""n_games"":6.0,""n_days"":6.0,""mean_impact"":-0.29839831,""shrunk_impact"":-0.11189937,""ci_low"":-0.29604597,""ci_high"":0.07136797,""win_rate"":0.33333333}},""value"":-0.11189937},{""row"":4,""col"":4,""kind"":""self"",""pair"":null,""value"":null}],""limit"":0.15,""hasEligiblePair"":true}"
lineup-628991dac4e54592,oe:team:e21e3adb4144bf39d2647579b25501f,WiLD MultiGaming,2019,oe:player:12a9f5a38afc16d902de9b63fc7c669,Ani,oe:player:e5603e8f550c9a56f0acc79d5222b5f,SanyaDau,oe:player:2e5508b4f0f5e9999f8900d19cc5cef,bagØ,oe:player:d8e818b0388d7719a3509993f61e418,Matebuff,oe:player:2d830f296e33c14105bd245a5cdbbf3,hextasy,1,1,1,-1.31556248,-0.11959659,,,False,0.00000000,255.93324433,1.06542056,0.20762473,0.24195249,0.23883061,0.30138658,0.17256356,0.26385802,0.22668970,0.21537450,0.22526733,0.18401202,0.13664880,0.03536887,"{""version"":1,""players"":[{""id"":""oe:player:12a9f5a38afc16d902de9b63fc7c669"",""name"":""Ani"",""role"":""top""},{""id"":""oe:player:e5603e8f550c9a56f0acc79d5222b5f"",""name"":""SanyaDau"",""role"":""jng""},{""id"":""oe:player:2e5508b4f0f5e9999f8900d19cc5cef"",""name"":""bagØ"",""role"":""sup""},{""id"":""oe:player:d8e818b0388d7719a3509993f61e418"",""name"":""Matebuff"",""role"":""bot""},{""id"":""oe:player:2d830f296e33c14105bd245a5cdbbf3"",""name"":""hextasy"",""role"":""sup""}],""cells"":[{""row"":0,""col"":0,""kind"":""self"",""pair"":null,""value"":null},{""row"":0,""col"":1,""kind"":""sparse"",""pair"":{""id"":""pair-14052448a28ea390"",""teamId"":""oe:team:e21e3adb4144bf39d2647579b25501f"",""teamName"":""WiLD MultiGaming"",""playerAId"":""oe:player:12a9f5a38afc16d902de9b63fc7c669"",""playerBId"":""oe:player:e5603e8f550c9a56f0acc79d5222b5f"",""playerA"":""Ani"",""playerB"":""SanyaDau"",""stats"":{""eligible"":false,""n_games_total"":2.0,""n_games"":2.0,""n_days"":2.0,""mean_impact"":-0.25029138,""shrunk_impact"":-0.04171523,""ci_low"":null,""ci_high"":null,""win_rate"":0.5}},""value"":-0.04171523},{""row"":0,""col"":2,""kind"":""sparse"",""pair"":{""id"":""pair-f83473f30a30fb38"",""teamId"":""oe:team:e21e3adb4144bf39d2647579b25501f"",""teamName"":""WiLD MultiGaming"",""playerAId"":""oe:player:12a9f5a38afc16d902de9b63fc7c669"",""playerBId"":""oe:player:2e5508b4f0f5e9999f8900d19cc5cef"",""playerA"":""Ani"",""playerB"":""bagØ"",""stats"":{""eligible"":false,""n_games_total"":1.0,""n_games"":1.0,""n_days"":1.0,""mean_impact"":-0.8320891,""shrunk_impact"":-0.07564446,""ci_low"":null,""ci_high"":null,""win_rate"":0.0}},""value"":-0.07564446},{""row"":0,""col"":3,""kind"":""sparse"",""pair"":{""id"":""pair-d0451c8669291b59"",""teamId"":""oe:team:e21e3adb4144bf39d2647579b25501f"",""teamName"":""WiLD MultiGaming"",""playerAId"":""oe:player:12a9f5a38afc16d902de9b63fc7c669"",""playerBId"":""oe:player:d8e818b0388d7719a3509993f61e418"",""playerA"":""Ani"",""playerB"":""Matebuff"",""stats"":{""eligible"":false,""n_games_total"":2.0,""n_games"":2.0,""n_days"":2.0,""mean_impact"":-0.26692295,""shrunk_impact"":-0.04448716,""ci_low"":null,""ci_high"":null,""win_rate"":0.5}},""value"":-0.04448716},{""row"":0,""col"":4,""kind"":""sparse"",""pair"":{""id"":""pair-8ffd69a867754c1c"",""teamId"":""oe:team:e21e3adb4144bf39d2647579b25501f"",""teamName"":""WiLD MultiGaming"",""playerAId"":""oe:player:12a9f5a38afc16d902de9b63fc7c669"",""playerBId"":""oe:player:2d830f296e33c14105bd245a5cdbbf3"",""playerA"":""Ani"",""playerB"":""hextasy"",""stats"":{""eligible"":false,""n_games_total"":2.0,""n_games"":2.0,""n_days"":2.0,""mean_impact"":-0.79447939,""shrunk_impact"":-0.13241323,""ci_low"":null,""ci_high"":null,""win_rate"":0.5}},""value"":-0.13241323},{""row"":1,""col"":0,""kind"":""sparse"",""pair"":{""id"":""pair-14052448a28ea390"",""teamId"":""oe:team:e21e3adb4144bf39d2647579b25501f"",""teamName"":""WiLD MultiGaming"",""playerAId"":""oe:player:12a9f5a38afc16d902de9b63fc7c669"",""playerBId"":""oe:player:e5603e8f550c9a56f0acc79d5222b5f"",""playerA"":""Ani"",""playerB"":""SanyaDau"",""stats"":{""eligible"":false,""n_games_total"":2.0,""n_games"":2.0,""n_days"":2.0,""mean_impact"":-0.25029138,""shrunk_impact"":-0.04171523,""ci_low"":null,""ci_high"":null,""win_rate"":0.5}},""value"":-0.04171523},{""row"":1,""col"":1,""kind"":""self"",""pair"":null,""value"":null},{""row"":1,""col"":2,""kind"":""sparse"",""pair"":{""id"":""pair-7231150863b8e8a2"",""teamId"":""oe:team:e21e3adb4144bf39d2647579b25501f"",""teamName"":""WiLD MultiGaming"",""playerAId"":""oe:player:2e5508b4f0f5e9999f8900d19cc5cef"",""playerBId"":""oe:player:e5603e8f550c9a56f0acc79d5222b5f"",""playerA"":""bagØ"",""playerB"":""SanyaDau"",""stats"":{""eligible"":false,""n_games_total"":2.0,""n_games"":2.0,""n_days"":2.0,""mean_impact"":0.21173777,""shrunk_impact"":0.03528963,""ci_low"":null,""ci_high"":null,""win_rate"":0.5}},""value"":0.03528963},{""row"":1,""col"":3,""kind"":""eligible"",""pair"":{""id"":""pair-f1d20f776072ee7d"",""teamId"":""oe:team:e21e3adb4144bf39d2647579b25501f"",""teamName"":""WiLD MultiGaming"",""playerAId"":""oe:player:d8e818b0388d7719a3509993f61e418"",""playerBId"":""oe:player:e5603e8f550c9a56f0acc79d5222b5f"",""playerA"":""Matebuff"",""playerB"":""SanyaDau"",""stats"":{""eligible"":true,""n_games_total"":36.0,""n_games"":29.0,""n_days"":23.0,""mean_impact"":-0.20342477,""shrunk_impact"":-0.15126457,""ci_low"":-0.33080314,""ci_high"":0.0656577,""win_rate"":0.55172414}},""value"":-0.15126457},{""row"":1,""col"":4,""kind"":""eligible"",""pair"":{""id"":""pair-de30965cbec60e1c"",""teamId"":""oe:team:e21e3adb4144bf39d2647579b25501f"",""teamName"":""WiLD MultiGaming"",""playerAId"":""oe:player:2d830f296e33c14105bd245a5cdbbf3"",""playerBId"":""oe:player:e5603e8f550c9a56f0acc79d5222b5f"",""playerA"":""hextasy"",""playerB"":""SanyaDau"",""stats"":{""eligible"":true,""n_games_total"":35.0,""n_games"":28.0,""n_days"":22.0,""mean_impact"":-0.56416435,""shrunk_impact"":-0.41570005,""ci_low"":-0.63005107,""ci_high"":-0.17805302,""win_rate"":0.53571429}},""value"":-0.41570005},{""row"":2,""col"":0,""kind"":""sparse"",""pair"":{""id"":""pair-f83473f30a30fb38"",""teamId"":""oe:team:e21e3adb4144bf39d2647579b25501f"",""teamName"":""WiLD MultiGaming"",""playerAId"":""oe:player:12a9f5a38afc16d902de9b63fc7c669"",""playerBId"":""oe:player:2e5508b4f0f5e9999f8900d19cc5cef"",""playerA"":""Ani"",""playerB"":""bagØ"",""stats"":{""eligible"":false,""n_games_total"":1.0,""n_games"":1.0,""n_days"":1.0,""mean_impact"":-0.8320891,""shrunk_impact"":-0.07564446,""ci_low"":null,""ci_high"":null,""win_rate"":0.0}},""value"":-0.07564446},{""row"":2,""col"":1,""kind"":""sparse"",""pair"":{""id"":""pair-7231150863b8e8a2"",""teamId"":""oe:team:e21e3adb4144bf39d2647579b25501f"",""teamName"":""WiLD MultiGaming"",""playerAId"":""oe:player:2e5508b4f0f5e9999f8900d19cc5cef"",""playerBId"":""oe:player:e5603e8f550c9a56f0acc79d5222b5f"",""playerA"":""bagØ"",""playerB"":""SanyaDau"",""stats"":{""eligible"":false,""n_games_total"":2.0,""n_games"":2.0,""n_days"":2.0,""mean_impact"":0.21173777,""shrunk_impact"":0.03528963,""ci_low"":null,""ci_high"":null,""win_rate"":0.5}},""value"":0.03528963},{""row"":2,""col"":2,""kind"":""self"",""pair"":null,""value"":null},{""row"":2,""col"":3,""kind"":""sparse"",""pair"":{""id"":""pair-e708038228260daf"",""teamId"":""oe:team:e21e3adb4144bf39d2647579b25501f"",""teamName"":""WiLD MultiGaming"",""playerAId"":""oe:player:2e5508b4f0f5e9999f8900d19cc5cef"",""playerBId"":""oe:player:d8e818b0388d7719a3509993f61e418"",""playerA"":""bagØ"",""playerB"":""Matebuff"",""stats"":{""eligible"":false,""n_games_total"":2.0,""n_games"":2.0,""n_days"":2.0,""mean_impact"":0.34234675,""shrunk_impact"":0.05705779,""ci_low"":null,""ci_high"":null,""win_rate"":0.5}},""value"":0.05705779},{""row"":2,""col"":4,""kind"":""sparse"",""pair"":{""id"":""pair-3dc278374b90a0eb"",""teamId"":""oe:team:e21e3adb4144bf39d2647579b25501f"",""teamName"":""WiLD MultiGaming"",""playerAId"":""oe:player:2d830f296e33c14105bd245a5cdbbf3"",""playerBId"":""oe:player:2e5508b4f0f5e9999f8900d19cc5cef"",""playerA"":""hextasy"",""playerB"":""bagØ"",""stats"":{""eligible"":false,""n_games_total"":1.0,""n_games"":1.0,""n_days"":1.0,""mean_impact"":-2.10139546,""shrunk_impact"":-0.19103595,""ci_low"":null,""ci_high"":null,""win_rate"":0.0}},""value"":-0.19103595},{""row"":3,""col"":0,""kind"":""sparse"",""pair"":{""id"":""pair-d0451c8669291b59"",""teamId"":""oe:team:e21e3adb4144bf39d2647579b25501f"",""teamName"":""WiLD MultiGaming"",""playerAId"":""oe:player:12a9f5a38afc16d902de9b63fc7c669"",""playerBId"":""oe:player:d8e818b0388d7719a3509993f61e418"",""playerA"":""Ani"",""playerB"":""Matebuff"",""stats"":{""eligible"":false,""n_games_total"":2.0,""n_games"":2.0,""n_days"":2.0,""mean_impact"":-0.26692295,""shrunk_impact"":-0.04448716,""ci_low"":null,""ci_high"":null,""win_rate"":0.5}},""value"":-0.04448716},{""row"":3,""col"":1,""kind"":""eligible"",""pair"":{""id"":""pair-f1d20f776072ee7d"",""teamId"":""oe:team:e21e3adb4144bf39d2647579b25501f"",""teamName"":""WiLD MultiGaming"",""playerAId"":""oe:player:d8e818b0388d7719a3509993f61e418"",""playerBId"":""oe:player:e5603e8f550c9a56f0acc79d5222b5f"",""playerA"":""Matebuff"",""playerB"":""SanyaDau"",""stats"":{""eligible"":true,""n_games_total"":36.0,""n_games"":29.0,""n_days"":23.0,""mean_impact"":-0.20342477,""shrunk_impact"":-0.15126457,""ci_low"":-0.33080314,""ci_high"":0.0656577,""win_rate"":0.55172414}},""value"":-0.15126457},{""row"":3,""col"":2,""kind"":""sparse"",""pair"":{""id"":""pair-e708038228260daf"",""teamId"":""oe:team:e21e3adb4144bf39d2647579b25501f"",""teamName"":""WiLD MultiGaming"",""playerAId"":""oe:player:2e5508b4f0f5e9999f8900d19cc5cef"",""playerBId"":""oe:player:d8e818b0388d7719a3509993f61e418"",""playerA"":""bagØ"",""playerB"":""Matebuff"",""stats"":{""eligible"":false,""n_games_total"":2.0,""n_games"":2.0,""n_days"":2.0,""mean_impact"":0.34234675,""shrunk_impact"":0.05705779,""ci_low"":null,""ci_high"":null,""win_rate"":0.5}},""value"":0.05705779},{""row"":3,""col"":3,""kind"":""self"",""pair"":null,""value"":null},{""row"":3,""col"":4,""kind"":""eligible"",""pair"":{""id"":""pair-77c0c8f1b6a31703"",""teamId"":""oe:team:e21e3adb4144bf39d2647579b25501f"",""teamName"":""WiLD MultiGaming"",""playerAId"":""oe:player:2d830f296e33c14105bd245a5cdbbf3"",""playerBId"":""oe:player:d8e818b0388d7719a3509993f61e418"",""playerA"":""hextasy"",""playerB"":""Matebuff"",""stats"":{""eligible"":true,""n_games_total"":35.0,""n_games"":28.0,""n_days"":22.0,""mean_impact"":-0.16730858,""shrunk_impact"":-0.12328001,""ci_low"":-0.42314514,""ci_high"":0.21248312,""win_rate"":0.53571429}},""value"":-0.12328001},{""row"":4,""col"":0,""kind"":""sparse"",""pair"":{""id"":""pair-8ffd69a867754c1c"",""teamId"":""oe:team:e21e3adb4144bf39d2647579b25501f"",""teamName"":""WiLD MultiGaming"",""playerAId"":""oe:player:12a9f5a38afc16d902de9b63fc7c669"",""playerBId"":""oe:player:2d830f296e33c14105bd245a5cdbbf3"",""playerA"":""Ani"",""playerB"":""hextasy"",""stats"":{""eligible"":false,""n_games_total"":2.0,""n_games"":2.0,""n_days"":2.0,""mean_impact"":-0.79447939,""shrunk_impact"":-0.13241323,""ci_low"":null,""ci_high"":null,""win_rate"":0.5}},""value"":-0.13241323},{""row"":4,""col"":1,""kind"":""eligible"",""pair"":{""id"":""pair-de30965cbec60e1c"",""teamId"":""oe:team:e21e3adb4144bf39d2647579b25501f"",""teamName"":""WiLD MultiGaming"",""playerAId"":""oe:player:2d830f296e33c14105bd245a5cdbbf3"",""playerBId"":""oe:player:e5603e8f550c9a56f0acc79d5222b5f"",""playerA"":""hextasy"",""playerB"":""SanyaDau"",""stats"":{""eligible"":true,""n_games_total"":35.0,""n_games"":28.0,""n_days"":22.0,""mean_impact"":-0.56416435,""shrunk_impact"":-0.41570005,""ci_low"":-0.63005107,""ci_high"":-0.17805302,""win_rate"":0.53571429}},""value"":-0.41570005},{""row"":4,""col"":2,""kind"":""sparse"",""pair"":{""id"":""pair-3dc278374b90a0eb"",""teamId"":""oe:team:e21e3adb4144bf39d2647579b25501f"",""teamName"":""WiLD MultiGaming"",""playerAId"":""oe:player:2d830f296e33c14105bd245a5cdbbf3"",""playerBId"":""oe:player:2e5508b4f0f5e9999f8900d19cc5cef"",""playerA"":""hextasy"",""playerB"":""bagØ"",""stats"":{""eligible"":false,""n_games_total"":1.0,""n_games"":1.0,""n_days"":1.0,""mean_impact"":-2.10139546,""shrunk_impact"":-0.19103595,""ci_low"":null,""ci_high"":null,""win_rate"":0.0}},""value"":-0.19103595},{""row"":4,""col"":3,""kind"":""eligible"",""pair"":{""id"":""pair-77c0c8f1b6a31703"",""teamId"":""oe:team:e21e3adb4144bf39d2647579b25501f"",""teamName"":""WiLD MultiGaming"",""playerAId"":""oe:player:2d830f296e33c14105bd245a5cdbbf3"",""playerBId"":""oe:player:d8e818b0388d7719a3509993f61e418"",""playerA"":""hextasy"",""playerB"":""Matebuff"",""stats"":{""eligible"":true,""n_games_total"":35.0,""n_games"":28.0,""n_days"":22.0,""mean_impact"":-0.16730858,""shrunk_impact"":-0.12328001,""ci_low"":-0.42314514,""ci_high"":0.21248312,""win_rate"":0.53571429}},""value"":-0.12328001},{""row"":4,""col"":4,""kind"":""self"",""pair"":null,""value"":null}],""limit"":0.41570005,""hasEligiblePair"":true}"
lineup-64560012fd0fbcd7,oe:team:60af568eab0264f92225ad6649bac88,Level Up esports,2019,oe:player:dfbb32609398e07a30933a617d2d9b7,KLOWNY,oe:player:b97ef4b296486afd7f072c655c1c8fa,chopsteek,oe:player:ef92b55a48eb2b383af92eef0c0e738,Raqo,oe:player:bc9d680dded3789f2c539e8fc52ab35,neca247,oe:player:2fc47d506de431ba77f2af233f558e4,Panj,1,1,1,-0.65534331,-0.05957666,,,False,0.00000000,327.55200000,1.03040000,0.22015051,0.26128018,0.31382501,0.22657288,0.16425103,0.09912075,0.18480989,0.35084017,0.21161704,0.27289957,0.12549702,0.05056663,"{""version"":1,""players"":[{""id"":""oe:player:dfbb32609398e07a30933a617d2d9b7"",""name"":""KLOWNY"",""role"":""top""},{""id"":""oe:player:b97ef4b296486afd7f072c655c1c8fa"",""name"":""chopsteek"",""role"":""bot""},{""id"":""oe:player:ef92b55a48eb2b383af92eef0c0e738"",""name"":""Raqo"",""role"":""mid""},{""id"":""oe:player:bc9d680dded3789f2c539e8fc52ab35"",""name"":""neca247"",""role"":""bot""},{""id"":""oe:player:2fc47d506de431ba77f2af233f558e4"",""name"":""Panj"",""role"":""sup""}],""cells"":[{""row"":0,""col"":0,""kind"":""self"",""pair"":null,""value"":null},{""row"":0,""col"":1,""kind"":""sparse"",""pair"":{""id"":""pair-71337e5aa6b68247"",""teamId"":""oe:team:60af568eab0264f92225ad6649bac88"",""teamName"":""Level Up esports"",""playerAId"":""oe:player:b97ef4b296486afd7f072c655c1c8fa"",""playerBId"":""oe:player:dfbb32609398e07a30933a617d2d9b7"",""playerA"":""chopsteek"",""playerB"":""KLOWNY"",""stats"":{""eligible"":false,""n_games_total"":3.0,""n_games"":2.0,""n_days"":2.0,""mean_impact"":-0.12916651,""shrunk_impact"":-0.02152775,""ci_low"":null,""ci_high"":null,""win_rate"":0.0}},""value"":-0.02152775},{""row"":0,""col"":2,""kind"":""sparse"",""pair"":{""id"":""pair-04cdad81a35c3237"",""teamId"":""oe:team:60af568eab0264f92225ad6649bac88"",""teamName"":""Level Up esports"",""playerAId"":""oe:player:dfbb32609398e07a30933a617d2d9b7"",""playerBId"":""oe:player:ef92b55a48eb2b383af92eef0c0e738"",""playerA"":""KLOWNY"",""playerB"":""Raqo"",""stats"":{""eligible"":false,""n_games_total"":14.0,""n_games"":7.0,""n_days"":7.0,""mean_impact"":0.04427449,""shrunk_impact"":0.01823067,""ci_low"":-0.18704118,""ci_high"":0.22742083,""win_rate"":0.28571429}},""value"":0.01823067},{""row"":0,""col"":3,""kind"":""sparse"",""pair"":{""id"":""pair-d9b64fdc49c5a990"",""teamId"":""oe:team:60af568eab0264f92225ad6649bac88"",""teamName"":""Level Up esports"",""playerAId"":""oe:player:bc9d680dded3789f2c539e8fc52ab35"",""playerBId"":""oe:player:dfbb32609398e07a30933a617d2d9b7"",""playerA"":""neca247"",""playerB"":""KLOWNY"",""stats"":{""eligible"":false,""n_games_total"":12.0,""n_games"":6.0,""n_days"":6.0,""mean_impact"":0.33595839,""shrunk_impact"":0.1259844,""ci_low"":-0.13542464,""ci_high"":0.36321288,""win_rate"":0.33333333}},""value"":0.1259844},{""row"":0,""col"":4,""kind"":""sparse"",""pair"":{""id"":""pair-9ecfa64550c9c95f"",""teamId"":""oe:team:60af568eab0264f92225ad6649bac88"",""teamName"":""Level Up esports"",""playerAId"":""oe:player:2fc47d506de431ba77f2af233f558e4"",""playerBId"":""oe:player:dfbb32609398e07a30933a617d2d9b7"",""playerA"":""Panj"",""playerB"":""KLOWNY"",""stats"":{""eligible"":false,""n_games_total"":14.0,""n_games"":7.0,""n_days"":7.0,""mean_impact"":-0.24041864,""shrunk_impact"":-0.09899591,""ci_low"":-0.37466272,""ci_high"":0.1728034,""win_rate"":0.28571429}},""value"":-0.09899591},{""row"":1,""col"":0,""kind"":""sparse"",""pair"":{""id"":""pair-71337e5aa6b68247"",""teamId"":""oe:team:60af568eab0264f92225ad6649bac88"",""teamName"":""Level Up esports"",""playerAId"":""oe:player:b97ef4b296486afd7f072c655c1c8fa"",""playerBId"":""oe:player:dfbb32609398e07a30933a617d2d9b7"",""playerA"":""chopsteek"",""playerB"":""KLOWNY"",""stats"":{""eligible"":false,""n_games_total"":3.0,""n_games"":2.0,""n_days"":2.0,""mean_impact"":-0.12916651,""shrunk_impact"":-0.02152775,""ci_low"":null,""ci_high"":null,""win_rate"":0.0}},""value"":-0.02152775},{""row"":1,""col"":1,""kind"":""self"",""pair"":null,""value"":null},{""row"":1,""col"":2,""kind"":""sparse"",""pair"":{""id"":""pair-7aa7059c0c5ec615"",""teamId"":""oe:team:60af568eab0264f92225ad6649bac88"",""teamName"":""Level Up esports"",""playerAId"":""oe:player:b97ef4b296486afd7f072c655c1c8fa"",""playerBId"":""oe:player:ef92b55a48eb2b383af92eef0c0e738"",""playerA"":""chopsteek"",""playerB"":""Raqo"",""stats"":{""eligible"":false,""n_games_total"":3.0,""n_games"":2.0,""n_days"":2.0,""mean_impact"":-0.12255143,""shrunk_impact"":-0.02042524,""ci_low"":null,""ci_high"":null,""win_rate"":0.0}},""value"":-0.02042524},{""row"":1,""col"":3,""kind"":""sparse"",""pair"":{""id"":""pair-e27d4707cd29230f"",""teamId"":""oe:team:60af568eab0264f92225ad6649bac88"",""teamName"":""Level Up esports"",""playerAId"":""oe:player:b97ef4b296486afd7f072c655c1c8fa"",""playerBId"":""oe:player:bc9d680dded3789f2c539e8fc52ab35"",""playerA"":""chopsteek"",""playerB"":""neca247"",""stats"":{""eligible"":false,""n_games_total"":1.0,""n_games"":1.0,""n_days"":1.0,""mean_impact"":-0.54336709,""shrunk_impact"":-0.04939701,""ci_low"":null,""ci_high"":null,""win_rate"":0.0}},""value"":-0.04939701},{""row"":1,""col"":4,""kind"":""sparse"",""pair"":{""id"":""pair-8ef6cebc64bbcd09"",""teamId"":""oe:team:60af568eab0264f92225ad6649bac88"",""teamName"":""Level Up esports"",""playerAId"":""oe:player:2fc47d506de431ba77f2af233f558e4"",""playerBId"":""oe:player:b97ef4b296486afd7f072c655c1c8fa"",""playerA"":""Panj"",""playerB"":""chopsteek"",""stats"":{""eligible"":false,""n_games_total"":3.0,""n_games"":2.0,""n_days"":2.0,""mean_impact"":-0.90206243,""shrunk_impact"":-0.15034374,""ci_low"":null,""ci_high"":null,""win_rate"":0.0}},""value"":-0.15034374},{""row"":2,""col"":0,""kind"":""sparse"",""pair"":{""id"":""pair-04cdad81a35c3237"",""teamId"":""oe:team:60af568eab0264f92225ad6649bac88"",""teamName"":""Level Up esports"",""playerAId"":""oe:player:dfbb32609398e07a30933a617d2d9b7"",""playerBId"":""oe:player:ef92b55a48eb2b383af92eef0c0e738"",""playerA"":""KLOWNY"",""playerB"":""Raqo"",""stats"":{""eligible"":false,""n_games_total"":14.0,""n_games"":7.0,""n_days"":7.0,""mean_impact"":0.04427449,""shrunk_impact"":0.01823067,""ci_low"":-0.18704118,""ci_high"":0.22742083,""win_rate"":0.28571429}},""value"":0.01823067},{""row"":2,""col"":1,""kind"":""sparse"",""pair"":{""id"":""pair-7aa7059c0c5ec615"",""teamId"":""oe:team:60af568eab0264f92225ad6649bac88"",""teamName"":""Level Up esports"",""playerAId"":""oe:player:b97ef4b296486afd7f072c655c1c8fa"",""playerBId"":""oe:player:ef92b55a48eb2b383af92eef0c0e738"",""playerA"":""chopsteek"",""playerB"":""Raqo"",""stats"":{""eligible"":false,""n_games_total"":3.0,""n_games"":2.0,""n_days"":2.0,""mean_impact"":-0.12255143,""shrunk_impact"":-0.02042524,""ci_low"":null,""ci_high"":null,""win_rate"":0.0}},""value"":-0.02042524},{""row"":2,""col"":2,""kind"":""self"",""pair"":null,""value"":null},{""row"":2,""col"":3,""kind"":""sparse"",""pair"":{""id"":""pair-e4f6436a60577962"",""teamId"":""oe:team:60af568eab0264f92225ad6649bac88"",""teamName"":""Level Up esports"",""playerAId"":""oe:player:bc9d680dded3789f2c539e8fc52ab35"",""playerBId"":""oe:player:ef92b55a48eb2b383af92eef0c0e738"",""playerA"":""neca247"",""playerB"":""Raqo"",""stats"":{""eligible"":false,""n_games_total"":12.0,""n_games"":6.0,""n_days"":6.0,""mean_impact"":-0.01195813,""shrunk_impact"":-0.0044843,""ci_low"":-0.14799068,""ci_high"":0.14185246,""win_rate"":0.33333333}},""value"":-0.0044843},{""row"":2,""col"":4,""kind"":""sparse"",""pair"":{""id"":""pair-a0dee5c80bc65e64"",""teamId"":""oe:team:60af568eab0264f92225ad6649bac88"",""teamName"":""Level Up esports"",""playerAId"":""oe:player:2fc47d506de431ba77f2af233f558e4"",""playerBId"":""oe:player:ef92b55a48eb2b383af92eef0c0e738"",""playerA"":""Panj"",""playerB"":""Raqo"",""stats"":{""eligible"":false,""n_games_total"":14.0,""n_games"":7.0,""n_days"":7.0,""mean_impact"":-0.56482552,""shrunk_impact"":-0.23257522,""ci_low"":-0.38441344,""ci_high"":-0.07508287,""win_rate"":0.28571429}},""value"":-0.23257522},{""row"":3,""col"":0,""kind"":""sparse"",""pair"":{""id"":""pair-d9b64fdc49c5a990"",""teamId"":""oe:team:60af568eab0264f92225ad6649bac88"",""teamName"":""Level Up esports"",""playerAId"":""oe:player:bc9d680dded3789f2c539e8fc52ab35"",""playerBId"":""oe:player:dfbb32609398e07a30933a617d2d9b7"",""playerA"":""neca247"",""playerB"":""KLOWNY"",""stats"":{""eligible"":false,""n_games_total"":12.0,""n_games"":6.0,""n_days"":6.0,""mean_impact"":0.33595839,""shrunk_impact"":0.1259844,""ci_low"":-0.13542464,""ci_high"":0.36321288,""win_rate"":0.33333333}},""value"":0.1259844},{""row"":3,""col"":1,""kind"":""sparse"",""pair"":{""id"":""pair-e27d4707cd29230f"",""teamId"":""oe:team:60af568eab0264f92225ad6649bac88"",""teamName"":""Level Up esports"",""playerAId"":""oe:player:b97ef4b296486afd7f072c655c1c8fa"",""playerBId"":""oe:player:bc9d680dded3789f2c539e8fc52ab35"",""playerA"":""chopsteek"",""playerB"":""neca247"",""stats"":{""eligible"":false,""n_games_total"":1.0,""n_games"":1.0,""n_days"":1.0,""mean_impact"":-0.54336709,""shrunk_impact"":-0.04939701,""ci_low"":null,""ci_high"":null,""win_rate"":0.0}},""value"":-0.04939701},{""row"":3,""col"":2,""kind"":""sparse"",""pair"":{""id"":""pair-e4f6436a60577962"",""teamId"":""oe:team:60af568eab0264f92225ad6649bac88"",""teamName"":""Level Up esports"",""playerAId"":""oe:player:bc9d680dded3789f2c539e8fc52ab35"",""playerBId"":""oe:player:ef92b55a48eb2b383af92eef0c0e738"",""playerA"":""neca247"",""playerB"":""Raqo"",""stats"":{""eligible"":false,""n_games_total"":12.0,""n_games"":6.0,""n_days"":6.0,""mean_impact"":-0.01195813,""shrunk_impact"":-0.0044843,""ci_low"":-0.14799068,""ci_high"":0.14185246,""win_rate"":0.33333333}},""value"":-0.0044843},{""row"":3,""col"":3,""kind"":""self"",""pair"":null,""value"":null},{""row"":3,""col"":4,""kind"":""eligible"",""pair"":{""id"":""pair-b0310008f4460224"",""teamId"":""oe:team:60af568eab0264f92225ad6649bac88"",""teamName"":""Level Up esports"",""playerAId"":""oe:player:2fc47d506de431ba77f2af233f558e4"",""playerBId"":""oe:player:bc9d680dded3789f2c539e8fc52ab35"",""playerA"":""Panj"",""playerB"":""neca247"",""stats"":{""eligible"":true,""n_games_total"":30.0,""n_games"":24.0,""n_days"":21.0,""mean_impact"":-0.19279227,""shrunk_impact"":-0.13608866,""ci_low"":-0.32115642,""ci_high"":0.07286157,""win_rate"":0.54166667}},""value"":-0.13608866},{""row"":4,""col"":0,""kind"":""sparse"",""pair"":{""id"":""pair-9ecfa64550c9c95f"",""teamId"":""oe:team:60af568eab0264f92225ad6649bac88"",""teamName"":""Level Up esports"",""playerAId"":""oe:player:2fc47d506de431ba77f2af233f558e4"",""playerBId"":""oe:player:dfbb32609398e07a30933a617d2d9b7"",""playerA"":""Panj"",""playerB"":""KLOWNY"",""stats"":{""eligible"":false,""n_games_total"":14.0,""n_games"":7.0,""n_days"":7.0,""mean_impact"":-0.24041864,""shrunk_impact"":-0.09899591,""ci_low"":-0.37466272,""ci_high"":0.1728034,""win_rate"":0.28571429}},""value"":-0.09899591},{""row"":4,""col"":1,""kind"":""sparse"",""pair"":{""id"":""pair-8ef6cebc64bbcd09"",""teamId"":""oe:team:60af568eab0264f92225ad6649bac88"",""teamName"":""Level Up esports"",""playerAId"":""oe:player:2fc47d506de431ba77f2af233f558e4"",""playerBId"":""oe:player:b97ef4b296486afd7f072c655c1c8fa"",""playerA"":""Panj"",""playerB"":""chopsteek"",""stats"":{""eligible"":false,""n_games_total"":3.0,""n_games"":2.0,""n_days"":2.0,""mean_impact"":-0.90206243,""shrunk_impact"":-0.15034374,""ci_low"":null,""ci_high"":null,""win_rate"":0.0}},""value"":-0.15034374},{""row"":4,""col"":2,""kind"":""sparse"",""pair"":{""id"":""pair-a0dee5c80bc65e64"",""teamId"":""oe:team:60af568eab0264f92225ad6649bac88"",""teamName"":""Level Up esports"",""playerAId"":""oe:player:2fc47d506de431ba77f2af233f558e4"",""playerBId"":""oe:player:ef92b55a48eb2b383af92eef0c0e738"",""playerA"":""Panj"",""playerB"":""Raqo"",""stats"":{""eligible"":false,""n_games_total"":14.0,""n_games"":7.0,""n_days"":7.0,""mean_impact"":-0.56482552,""shrunk_impact"":-0.23257522,""ci_low"":-0.38441344,""ci_high"":-0.07508287,""win_rate"":0.28571429}},""value"":-0.23257522},{""row"":4,""col"":3,""kind"":""eligible"",""pair"":{""id"":""pair-b0310008f4460224"",""teamId"":""oe:team:60af568eab0264f92225ad6649bac88"",""teamName"":""Level Up esports"",""playerAId"":""oe:player:2fc47d506de431ba77f2af233f558e4"",""playerBId"":""oe:player:bc9d680dded3789f2c539e8fc52ab35"",""playerA"":""Panj"",""playerB"":""neca247"",""stats"":{""eligible"":true,""n_games_total"":30.0,""n_games"":24.0,""n_days"":21.0,""mean_impact"":-0.19279227,""shrunk_impact"":-0.13608866,""ci_low"":-0.32115642,""ci_high"":0.07286157,""win_rate"":0.54166667}},""value"":-0.13608866},{""row"":4,""col"":4,""kind"":""self"",""pair"":null,""value"":null}],""limit"":0.23257522,""hasEligiblePair"":true}"
lineup-65083800ba2e264e,oe:team:e21e3adb4144bf39d2647579b25501f,WiLD MultiGaming,2019,oe:player:86a62d7139615a671299c93dd3d80e3,MarineHBS,oe:player:e5603e8f550c9a56f0acc79d5222b5f,SanyaDau,oe:player:c0c765321363c0d74c690dc29a5f3dc,Sora,oe:player:d8e818b0388d7719a3509993f61e418,Matebuff,oe:player:2e5508b4f0f5e9999f8900d19cc5cef,bagØ,1,1,1,1.00881459,0.09171042,,,False,1.00000000,494.57105378,1.51639703,0.20739828,0.23472446,0.22372323,0.11085649,0.19746280,0.19692967,0.18063522,0.21981391,0.25588900,0.34518391,0.14228975,0.12721602,"{""version"":1,""players"":[{""id"":""oe:player:86a62d7139615a671299c93dd3d80e3"",""name"":""MarineHBS"",""role"":""top""},{""id"":""oe:player:e5603e8f550c9a56f0acc79d5222b5f"",""name"":""SanyaDau"",""role"":""jng""},{""id"":""oe:player:c0c765321363c0d74c690dc29a5f3dc"",""name"":""Sora"",""role"":""mid""},{""id"":""oe:player:d8e818b0388d7719a3509993f61e418"",""name"":""Matebuff"",""role"":""bot""},{""id"":""oe:player:2e5508b4f0f5e9999f8900d19cc5cef"",""name"":""bagØ"",""role"":""sup""}],""cells"":[{""row"":0,""col"":0,""kind"":""self"",""pair"":null,""value"":null},{""row"":0,""col"":1,""kind"":""eligible"",""pair"":{""id"":""pair-0fcaa2e60e29499a"",""teamId"":""oe:team:e21e3adb4144bf39d2647579b25501f"",""teamName"":""WiLD MultiGaming"",""playerAId"":""oe:player:86a62d7139615a671299c93dd3d80e3"",""playerBId"":""oe:player:e5603e8f550c9a56f0acc79d5222b5f"",""playerA"":""MarineHBS"",""playerB"":""SanyaDau"",""stats"":{""eligible"":true,""n_games_total"":34.0,""n_games"":27.0,""n_days"":21.0,""mean_impact"":-0.52445242,""shrunk_impact"":-0.38270852,""ci_low"":-0.5306899,""ci_high"":-0.26163003,""win_rate"":0.55555556}},""value"":-0.38270852},{""row"":0,""col"":2,""kind"":""eligible"",""pair"":{""id"":""pair-2f0844abbbeff6ba"",""teamId"":""oe:team:e21e3adb4144bf39d2647579b25501f"",""teamName"":""WiLD MultiGaming"",""playerAId"":""oe:player:86a62d7139615a671299c93dd3d80e3"",""playerBId"":""oe:player:c0c765321363c0d74c690dc29a5f3dc"",""playerA"":""MarineHBS"",""playerB"":""Sora"",""stats"":{""eligible"":true,""n_games_total"":12.0,""n_games"":12.0,""n_days"":12.0,""mean_impact"":-0.18175652,""shrunk_impact"":-0.09913992,""ci_low"":-0.29538061,""ci_high"":0.09667017,""win_rate"":0.58333333}},""value"":-0.09913992},{""row"":0,""col"":3,""kind"":""eligible"",""pair"":{""id"":""pair-925e7b55d1c4e2e6"",""teamId"":""oe:team:e21e3adb4144bf39d2647579b25501f"",""teamName"":""WiLD MultiGaming"",""playerAId"":""oe:player:86a62d7139615a671299c93dd3d80e3"",""playerBId"":""oe:player:d8e818b0388d7719a3509993f61e418"",""playerA"":""MarineHBS"",""playerB"":""Matebuff"",""stats"":{""eligible"":true,""n_games_total"":34.0,""n_games"":27.0,""n_days"":21.0,""mean_impact"":-0.09500198,""shrunk_impact"":-0.06932577,""ci_low"":-0.24200964,""ci_high"":0.1171235,""win_rate"":0.55555556}},""value"":-0.06932577},{""row"":0,""col"":4,""kind"":""sparse"",""pair"":{""id"":""pair-2d9207c07b5a8af4"",""teamId"":""oe:team:e21e3adb4144bf39d2647579b25501f"",""teamName"":""WiLD MultiGaming"",""playerAId"":""oe:player:2e5508b4f0f5e9999f8900d19cc5cef"",""playerBId"":""oe:player:86a62d7139615a671299c93dd3d80e3"",""playerA"":""bagØ"",""playerB"":""MarineHBS"",""stats"":{""eligible"":false,""n_games_total"":1.0,""n_games"":1.0,""n_days"":1.0,""mean_impact"":0.73839403,""shrunk_impact"":0.06712673,""ci_low"":null,""ci_high"":null,""win_rate"":1.0}},""value"":0.06712673},{""row"":1,""col"":0,""kind"":""eligible"",""pair"":{""id"":""pair-0fcaa2e60e29499a"",""teamId"":""oe:team:e21e3adb4144bf39d2647579b25501f"",""teamName"":""WiLD MultiGaming"",""playerAId"":""oe:player:86a62d7139615a671299c93dd3d80e3"",""playerBId"":""oe:player:e5603e8f550c9a56f0acc79d5222b5f"",""playerA"":""MarineHBS"",""playerB"":""SanyaDau"",""stats"":{""eligible"":true,""n_games_total"":34.0,""n_games"":27.0,""n_days"":21.0,""mean_impact"":-0.52445242,""shrunk_impact"":-0.38270852,""ci_low"":-0.5306899,""ci_high"":-0.26163003,""win_rate"":0.55555556}},""value"":-0.38270852},{""row"":1,""col"":1,""kind"":""self"",""pair"":null,""value"":null},{""row"":1,""col"":2,""kind"":""eligible"",""pair"":{""id"":""pair-db250856f63b856c"",""teamId"":""oe:team:e21e3adb4144bf39d2647579b25501f"",""teamName"":""WiLD MultiGaming"",""playerAId"":""oe:player:c0c765321363c0d74c690dc29a5f3dc"",""playerBId"":""oe:player:e5603e8f550c9a56f0acc79d5222b5f"",""playerA"":""Sora"",""playerB"":""SanyaDau"",""stats"":{""eligible"":true,""n_games_total"":13.0,""n_games"":13.0,""n_days"":13.0,""mean_impact"":-0.27023397,""shrunk_impact"":-0.15274094,""ci_low"":-0.33701047,""ci_high"":0.01865921,""win_rate"":0.61538462}},""value"":-0.15274094},{""row"":1,""col"":3,""kind"":""eligible"",""pair"":{""id"":""pair-f1d20f776072ee7d"",""teamId"":""oe:team:e21e3adb4144bf39d2647579b25501f"",""teamName"":""WiLD MultiGaming"",""playerAId"":""oe:player:d8e818b0388d7719a3509993f61e418"",""playerBId"":""oe:player:e5603e8f550c9a56f0acc79d5222b5f"",""playerA"":""Matebuff"",""playerB"":""SanyaDau"",""stats"":{""eligible"":true,""n_games_total"":36.0,""n_games"":29.0,""n_days"":23.0,""mean_impact"":-0.20342477,""shrunk_impact"":-0.15126457,""ci_low"":-0.33080314,""ci_high"":0.0656577,""win_rate"":0.55172414}},""value"":-0.15126457},{""row"":1,""col"":4,""kind"":""sparse"",""pair"":{""id"":""pair-7231150863b8e8a2"",""teamId"":""oe:team:e21e3adb4144bf39d2647579b25501f"",""teamName"":""WiLD MultiGaming"",""playerAId"":""oe:player:2e5508b4f0f5e9999f8900d19cc5cef"",""playerBId"":""oe:player:e5603e8f550c9a56f0acc79d5222b5f"",""playerA"":""bagØ"",""playerB"":""SanyaDau"",""stats"":{""eligible"":false,""n_games_total"":2.0,""n_games"":2.0,""n_days"":2.0,""mean_impact"":0.21173777,""shrunk_impact"":0.03528963,""ci_low"":null,""ci_high"":null,""win_rate"":0.5}},""value"":0.03528963},{""row"":2,""col"":0,""kind"":""eligible"",""pair"":{""id"":""pair-2f0844abbbeff6ba"",""teamId"":""oe:team:e21e3adb4144bf39d2647579b25501f"",""teamName"":""WiLD MultiGaming"",""playerAId"":""oe:player:86a62d7139615a671299c93dd3d80e3"",""playerBId"":""oe:player:c0c765321363c0d74c690dc29a5f3dc"",""playerA"":""MarineHBS"",""playerB"":""Sora"",""stats"":{""eligible"":true,""n_games_total"":12.0,""n_games"":12.0,""n_days"":12.0,""mean_impact"":-0.18175652,""shrunk_impact"":-0.09913992,""ci_low"":-0.29538061,""ci_high"":0.09667017,""win_rate"":0.58333333}},""value"":-0.09913992},{""row"":2,""col"":1,""kind"":""eligible"",""pair"":{""id"":""pair-db250856f63b856c"",""teamId"":""oe:team:e21e3adb4144bf39d2647579b25501f"",""teamName"":""WiLD MultiGaming"",""playerAId"":""oe:player:c0c765321363c0d74c690dc29a5f3dc"",""playerBId"":""oe:player:e5603e8f550c9a56f0acc79d5222b5f"",""playerA"":""Sora"",""playerB"":""SanyaDau"",""stats"":{""eligible"":true,""n_games_total"":13.0,""n_games"":13.0,""n_days"":13.0,""mean_impact"":-0.27023397,""shrunk_impact"":-0.15274094,""ci_low"":-0.33701047,""ci_high"":0.01865921,""win_rate"":0.61538462}},""value"":-0.15274094},{""row"":2,""col"":2,""kind"":""self"",""pair"":null,""value"":null},{""row"":2,""col"":3,""kind"":""eligible"",""pair"":{""id"":""pair-12276531f2ee0f1d"",""teamId"":""oe:team:e21e3adb4144bf39d2647579b25501f"",""teamName"":""WiLD MultiGaming"",""playerAId"":""oe:player:c0c765321363c0d74c690dc29a5f3dc"",""playerBId"":""oe:player:d8e818b0388d7719a3509993f61e418"",""playerA"":""Sora"",""playerB"":""Matebuff"",""stats"":{""eligible"":true,""n_games_total"":13.0,""n_games"":13.0,""n_days"":13.0,""mean_impact"":0.33775673,""shrunk_impact"":0.19090598,""ci_low"":-0.11625429,""ci_high"":0.47013358,""win_rate"":0.61538462}},""value"":0.19090598},{""row"":2,""col"":4,""kind"":""sparse"",""pair"":{""id"":""pair-5ad7bf8a0f124faa"",""teamId"":""oe:team:e21e3adb4144bf39d2647579b25501f"",""teamName"":""WiLD MultiGaming"",""playerAId"":""oe:player:2e5508b4f0f5e9999f8900d19cc5cef"",""playerBId"":""oe:player:c0c765321363c0d74c690dc29a5f3dc"",""playerA"":""bagØ"",""playerB"":""Sora"",""stats"":{""eligible"":false,""n_games_total"":1.0,""n_games"":1.0,""n_days"":1.0,""mean_impact"":1.24060249,""shrunk_impact"":0.11278204,""ci_low"":null,""ci_high"":null,""win_rate"":1.0}},""value"":0.11278204},{""row"":3,""col"":0,""kind"":""eligible"",""pair"":{""id"":""pair-925e7b55d1c4e2e6"",""teamId"":""oe:team:e21e3adb4144bf39d2647579b25501f"",""teamName"":""WiLD MultiGaming"",""playerAId"":""oe:player:86a62d7139615a671299c93dd3d80e3"",""playerBId"":""oe:player:d8e818b0388d7719a3509993f61e418"",""playerA"":""MarineHBS"",""playerB"":""Matebuff"",""stats"":{""eligible"":true,""n_games_total"":34.0,""n_games"":27.0,""n_days"":21.0,""mean_impact"":-0.09500198,""shrunk_impact"":-0.06932577,""ci_low"":-0.24200964,""ci_high"":0.1171235,""win_rate"":0.55555556}},""value"":-0.06932577},{""row"":3,""col"":1,""kind"":""eligible"",""pair"":{""id"":""pair-f1d20f776072ee7d"",""teamId"":""oe:team:e21e3adb4144bf39d2647579b25501f"",""teamName"":""WiLD MultiGaming"",""playerAId"":""oe:player:d8e818b0388d7719a3509993f61e418"",""playerBId"":""oe:player:e5603e8f550c9a56f0acc79d5222b5f"",""playerA"":""Matebuff"",""playerB"":""SanyaDau"",""stats"":{""eligible"":true,""n_games_total"":36.0,""n_games"":29.0,""n_days"":23.0,""mean_impact"":-0.20342477,""shrunk_impact"":-0.15126457,""ci_low"":-0.33080314,""ci_high"":0.0656577,""win_rate"":0.55172414}},""value"":-0.15126457},{""row"":3,""col"":2,""kind"":""eligible"",""pair"":{""id"":""pair-12276531f2ee0f1d"",""teamId"":""oe:team:e21e3adb4144bf39d2647579b25501f"",""teamName"":""WiLD MultiGaming"",""playerAId"":""oe:player:c0c765321363c0d74c690dc29a5f3dc"",""playerBId"":""oe:player:d8e818b0388d7719a3509993f61e418"",""playerA"":""Sora"",""playerB"":""Matebuff"",""stats"":{""eligible"":true,""n_games_total"":13.0,""n_games"":13.0,""n_days"":13.0,""mean_impact"":0.33775673,""shrunk_impact"":0.19090598,""ci_low"":-0.11625429,""ci_high"":0.47013358,""win_rate"":0.61538462}},""value"":0.19090598},{""row"":3,""col"":3,""kind"":""self"",""pair"":null,""value"":null},{""row"":3,""col"":4,""kind"":""sparse"",""pair"":{""id"":""pair-e708038228260daf"",""teamId"":""oe:team:e21e3adb4144bf39d2647579b25501f"",""teamName"":""WiLD MultiGaming"",""playerAId"":""oe:player:2e5508b4f0f5e9999f8900d19cc5cef"",""playerBId"":""oe:player:d8e818b0388d7719a3509993f61e418"",""playerA"":""bagØ"",""playerB"":""Matebuff"",""stats"":{""eligible"":false,""n_games_total"":2.0,""n_games"":2.0,""n_days"":2.0,""mean_impact"":0.34234675,""shrunk_impact"":0.05705779,""ci_low"":null,""ci_high"":null,""win_rate"":0.5}},""value"":0.05705779},{""row"":4,""col"":0,""kind"":""sparse"",""pair"":{""id"":""pair-2d9207c07b5a8af4"",""teamId"":""oe:team:e21e3adb4144bf39d2647579b25501f"",""teamName"":""WiLD MultiGaming"",""playerAId"":""oe:player:2e5508b4f0f5e9999f8900d19cc5cef"",""playerBId"":""oe:player:86a62d7139615a671299c93dd3d80e3"",""playerA"":""bagØ"",""playerB"":""MarineHBS"",""stats"":{""eligible"":false,""n_games_total"":1.0,""n_games"":1.0,""n_days"":1.0,""mean_impact"":0.73839403,""shrunk_impact"":0.06712673,""ci_low"":null,""ci_high"":null,""win_rate"":1.0}},""value"":0.06712673},{""row"":4,""col"":1,""kind"":""sparse"",""pair"":{""id"":""pair-7231150863b8e8a2"",""teamId"":""oe:team:e21e3adb4144bf39d2647579b25501f"",""teamName"":""WiLD MultiGaming"",""playerAId"":""oe:player:2e5508b4f0f5e9999f8900d19cc5cef"",""playerBId"":""oe:player:e5603e8f550c9a56f0acc79d5222b5f"",""playerA"":""bagØ"",""playerB"":""SanyaDau"",""stats"":{""eligible"":false,""n_games_total"":2.0,""n_games"":2.0,""n_days"":2.0,""mean_impact"":0.21173777,""shrunk_impact"":0.03528963,""ci_low"":null,""ci_high"":null,""win_rate"":0.5}},""value"":0.03528963},{""row"":4,""col"":2,""kind"":""sparse"",""pair"":{""id"":""pair-5ad7bf8a0f124faa"",""teamId"":""oe:team:e21e3adb4144bf39d2647579b25501f"",""teamName"":""WiLD MultiGaming"",""playerAId"":""oe:player:2e5508b4f0f5e9999f8900d19cc5cef"",""playerBId"":""oe:player:c0c765321363c0d74c690dc29a5f3dc"",""playerA"":""bagØ"",""playerB"":""Sora"",""stats"":{""eligible"":false,""n_games_total"":1.0,""n_games"":1.0,""n_days"":1.0,""mean_impact"":1.24060249,""shrunk_impact"":0.11278204,""ci_low"":null,""ci_high"":null,""win_rate"":1.0}},""value"":0.11278204},{""row"":4,""col"":3,""kind"":""sparse"",""pair"":{""id"":""pair-e708038228260daf"",""teamId"":""oe:team:e21e3adb4144bf39d2647579b25501f"",""teamName"":""WiLD MultiGaming"",""playerAId"":""oe:player:2e5508b4f0f5e9999f8900d19cc5cef"",""playerBId"":""oe:player:d8e818b0388d7719a3509993f61e418"",""playerA"":""bagØ"",""playerB"":""Matebuff"",""stats"":{""eligible"":false,""n_games_total"":2.0,""n_games"":2.0,""n_days"":2.0,""mean_impact"":0.34234675,""shrunk_impact"":0.05705779,""ci_low"":null,""ci_high"":null,""win_rate"":0.5}},""value"":0.05705779},{""row"":4,""col"":4,""kind"":""self"",""pair"":null,""value"":null}],""limit"":0.38270852,""hasEligiblePair"":true}"
lineup-6798c76419cb67ef,oe:team:d5465e862dc30f6b659b2e4965a9f0a,Team Nerotec,2019,oe:player:dbe75751981b890185b008df9b6542e,Patkica,oe:player:81317166070e5727aa15670f1d996b3,Lotuss,oe:player:63ad3072dc5472bb44c2c42ede26d90,Darkness,oe:player:48286415b984816ee2d490a44ae4904,KatteN,oe:player:5b86bd7c6c1e8a571ae4cd56460e6d1,Shafu,2,1,1,0.33603860,0.03054896,,,False,0.00000000,333.68137483,1.12029726,0.21113153,0.22922223,0.20644306,0.21278479,0.15938465,0.08445246,0.22451293,0.26720452,0.27113530,0.29043897,0.13852406,0.14511926,"{""version"":1,""players"":[{""id"":""oe:player:dbe75751981b890185b008df9b6542e"",""name"":""Patkica"",""role"":""top""},{""id"":""oe:player:81317166070e5727aa15670f1d996b3"",""name"":""Lotuss"",""role"":""jng""},{""id"":""oe:player:63ad3072dc5472bb44c2c42ede26d90"",""name"":""Darkness"",""role"":""mid""},{""id"":""oe:player:48286415b984816ee2d490a44ae4904"",""name"":""KatteN"",""role"":""bot""},{""id"":""oe:player:5b86bd7c6c1e8a571ae4cd56460e6d1"",""name"":""Shafu"",""role"":""sup""}],""cells"":[{""row"":0,""col"":0,""kind"":""self"",""pair"":null,""value"":null},{""row"":0,""col"":1,""kind"":""sparse"",""pair"":{""id"":""pair-090642cb9fe8766e"",""teamId"":""oe:team:d5465e862dc30f6b659b2e4965a9f0a"",""teamName"":""Team Nerotec"",""playerAId"":""oe:player:81317166070e5727aa15670f1d996b3"",""playerBId"":""oe:player:dbe75751981b890185b008df9b6542e"",""playerA"":""Lotuss"",""playerB"":""Patkica"",""stats"":{""eligible"":false,""n_games_total"":14.0,""n_games"":7.0,""n_days"":6.0,""mean_impact"":-0.06516568,""shrunk_impact"":-0.02683293,""ci_low"":-0.22255723,""ci_high"":0.17563484,""win_rate"":0.14285714}},""value"":-0.02683293},{""row"":0,""col"":2,""kind"":""sparse"",""pair"":{""id"":""pair-887d23780a0c6e4d"",""teamId"":""oe:team:d5465e862dc30f6b659b2e4965a9f0a"",""teamName"":""Team Nerotec"",""playerAId"":""oe:player:63ad3072dc5472bb44c2c42ede26d90"",""playerBId"":""oe:player:dbe75751981b890185b008df9b6542e"",""playerA"":""Darkness"",""playerB"":""Patkica"",""stats"":{""eligible"":false,""n_games_total"":8.0,""n_games"":7.0,""n_days"":6.0,""mean_impact"":0.4307278,""shrunk_impact"":0.1773585,""ci_low"":-0.0258667,""ci_high"":0.33695812,""win_rate"":0.14285714}},""value"":0.1773585},{""row"":0,""col"":3,""kind"":""sparse"",""pair"":{""id"":""pair-6be499b053aea153"",""teamId"":""oe:team:d5465e862dc30f6b659b2e4965a9f0a"",""teamName"":""Team Nerotec"",""playerAId"":""oe:player:48286415b984816ee2d490a44ae4904"",""playerBId"":""oe:player:dbe75751981b890185b008df9b6542e"",""playerA"":""KatteN"",""playerB"":""Patkica"",""stats"":{""eligible"":false,""n_games_total"":14.0,""n_games"":7.0,""n_days"":6.0,""mean_impact"":-0.2082431,""shrunk_impact"":-0.08574716,""ci_low"":-0.34158451,""ci_high"":0.14194198,""win_rate"":0.14285714}},""value"":-0.08574716},{""row"":0,""col"":4,""kind"":""sparse"",""pair"":{""id"":""pair-adba0fe201a08c69"",""teamId"":""oe:team:d5465e862dc30f6b659b2e4965a9f0a"",""teamName"":""Team Nerotec"",""playerAId"":""oe:player:5b86bd7c6c1e8a571ae4cd56460e6d1"",""playerBId"":""oe:player:dbe75751981b890185b008df9b6542e"",""playerA"":""Shafu"",""playerB"":""Patkica"",""stats"":{""eligible"":false,""n_games_total"":8.0,""n_games"":1.0,""n_days"":1.0,""mean_impact"":1.03425222,""shrunk_impact"":0.09402293,""ci_low"":null,""ci_high"":null,""win_rate"":0.0}},""value"":0.09402293},{""row"":1,""col"":0,""kind"":""sparse"",""pair"":{""id"":""pair-090642cb9fe8766e"",""teamId"":""oe:team:d5465e862dc30f6b659b2e4965a9f0a"",""teamName"":""Team Nerotec"",""playerAId"":""oe:player:81317166070e5727aa15670f1d996b3"",""playerBId"":""oe:player:dbe75751981b890185b008df9b6542e"",""playerA"":""Lotuss"",""playerB"":""Patkica"",""stats"":{""eligible"":false,""n_games_total"":14.0,""n_games"":7.0,""n_days"":6.0,""mean_impact"":-0.06516568,""shrunk_impact"":-0.02683293,""ci_low"":-0.22255723,""ci_high"":0.17563484,""win_rate"":0.14285714}},""value"":-0.02683293},{""row"":1,""col"":1,""kind"":""self"",""pair"":null,""value"":null},{""row"":1,""col"":2,""kind"":""sparse"",""pair"":{""id"":""pair-40a5137ceb2ec3a8"",""teamId"":""oe:team:d5465e862dc30f6b659b2e4965a9f0a"",""teamName"":""Team Nerotec"",""playerAId"":""oe:player:63ad3072dc5472bb44c2c42ede26d90"",""playerBId"":""oe:player:81317166070e5727aa15670f1d996b3"",""playerA"":""Darkness"",""playerB"":""Lotuss"",""stats"":{""eligible"":false,""n_games_total"":8.0,""n_games"":7.0,""n_days"":6.0,""mean_impact"":0.16219034,""shrunk_impact"":0.06678426,""ci_low"":-0.08383555,""ci_high"":0.17420504,""win_rate"":0.14285714}},""value"":0.06678426},{""row"":1,""col"":3,""kind"":""sparse"",""pair"":{""id"":""pair-fb145af6ae3862ba"",""teamId"":""oe:team:d5465e862dc30f6b659b2e4965a9f0a"",""teamName"":""Team Nerotec"",""playerAId"":""oe:player:48286415b984816ee2d490a44ae4904"",""playerBId"":""oe:player:81317166070e5727aa15670f1d996b3"",""playerA"":""KatteN"",""playerB"":""Lotuss"",""stats"":{""eligible"":false,""n_games_total"":14.0,""n_games"":7.0,""n_days"":6.0,""mean_impact"":-0.47678056,""shrunk_impact"":-0.19632141,""ci_low"":-0.36691734,""ci_high"":-0.02753199,""win_rate"":0.14285714}},""value"":-0.19632141},{""row"":1,""col"":4,""kind"":""sparse"",""pair"":{""id"":""pair-888c0945bdfcf8fa"",""teamId"":""oe:team:d5465e862dc30f6b659b2e4965a9f0a"",""teamName"":""Team Nerotec"",""playerAId"":""oe:player:5b86bd7c6c1e8a571ae4cd56460e6d1"",""playerBId"":""oe:player:81317166070e5727aa15670f1d996b3"",""playerA"":""Shafu"",""playerB"":""Lotuss"",""stats"":{""eligible"":false,""n_games_total"":8.0,""n_games"":1.0,""n_days"":1.0,""mean_impact"":0.44169014,""shrunk_impact"":0.04015365,""ci_low"":null,""ci_high"":null,""win_rate"":0.0}},""value"":0.04015365},{""row"":2,""col"":0,""kind"":""sparse"",""pair"":{""id"":""pair-887d23780a0c6e4d"",""teamId"":""oe:team:d5465e862dc30f6b659b2e4965a9f0a"",""teamName"":""Team Nerotec"",""playerAId"":""oe:player:63ad3072dc5472bb44c2c42ede26d90"",""playerBId"":""oe:player:dbe75751981b890185b008df9b6542e"",""playerA"":""Darkness"",""playerB"":""Patkica"",""stats"":{""eligible"":false,""n_games_total"":8.0,""n_games"":7.0,""n_days"":6.0,""mean_impact"":0.4307278,""shrunk_impact"":0.1773585,""ci_low"":-0.0258667,""ci_high"":0.33695812,""win_rate"":0.14285714}},""value"":0.1773585},{""row"":2,""col"":1,""kind"":""sparse"",""pair"":{""id"":""pair-40a5137ceb2ec3a8"",""teamId"":""oe:team:d5465e862dc30f6b659b2e4965a9f0a"",""teamName"":""Team Nerotec"",""playerAId"":""oe:player:63ad3072dc5472bb44c2c42ede26d90"",""playerBId"":""oe:player:81317166070e5727aa15670f1d996b3"",""playerA"":""Darkness"",""playerB"":""Lotuss"",""stats"":{""eligible"":false,""n_games_total"":8.0,""n_games"":7.0,""n_days"":6.0,""mean_impact"":0.16219034,""shrunk_impact"":0.06678426,""ci_low"":-0.08383555,""ci_high"":0.17420504,""win_rate"":0.14285714}},""value"":0.06678426},{""row"":2,""col"":2,""kind"":""self"",""pair"":null,""value"":null},{""row"":2,""col"":3,""kind"":""sparse"",""pair"":{""id"":""pair-8f5ef120fcfd73fc"",""teamId"":""oe:team:d5465e862dc30f6b659b2e4965a9f0a"",""teamName"":""Team Nerotec"",""playerAId"":""oe:player:48286415b984816ee2d490a44ae4904"",""playerBId"":""oe:player:63ad3072dc5472bb44c2c42ede26d90"",""playerA"":""KatteN"",""playerB"":""Darkness"",""stats"":{""eligible"":false,""n_games_total"":8.0,""n_games"":7.0,""n_days"":6.0,""mean_impact"":0.01911292,""shrunk_impact"":0.00787002,""ci_low"":-0.14704434,""ci_high"":0.11348112,""win_rate"":0.14285714}},""value"":0.00787002},{""row"":2,""col"":4,""kind"":""sparse"",""pair"":{""id"":""pair-917d701054f69e56"",""teamId"":""oe:team:d5465e862dc30f6b659b2e4965a9f0a"",""teamName"":""Team Nerotec"",""playerAId"":""oe:player:5b86bd7c6c1e8a571ae4cd56460e6d1"",""playerBId"":""oe:player:63ad3072dc5472bb44c2c42ede26d90"",""playerA"":""Shafu"",""playerB"":""Darkness"",""stats"":{""eligible"":false,""n_games_total"":2.0,""n_games"":1.0,""n_days"":1.0,""mean_impact"":0.94715651,""shrunk_impact"":0.08610514,""ci_low"":null,""ci_high"":null,""win_rate"":0.0}},""value"":0.08610514},{""row"":3,""col"":0,""kind"":""sparse"",""pair"":{""id"":""pair-6be499b053aea153"",""teamId"":""oe:team:d5465e862dc30f6b659b2e4965a9f0a"",""teamName"":""Team Nerotec"",""playerAId"":""oe:player:48286415b984816ee2d490a44ae4904"",""playerBId"":""oe:player:dbe75751981b890185b008df9b6542e"",""playerA"":""KatteN"",""playerB"":""Patkica"",""stats"":{""eligible"":false,""n_games_total"":14.0,""n_games"":7.0,""n_days"":6.0,""mean_impact"":-0.2082431,""shrunk_impact"":-0.08574716,""ci_low"":-0.34158451,""ci_high"":0.14194198,""win_rate"":0.14285714}},""value"":-0.08574716},{""row"":3,""col"":1,""kind"":""sparse"",""pair"":{""id"":""pair-fb145af6ae3862ba"",""teamId"":""oe:team:d5465e862dc30f6b659b2e4965a9f0a"",""teamName"":""Team Nerotec"",""playerAId"":""oe:player:48286415b984816ee2d490a44ae4904"",""playerBId"":""oe:player:81317166070e5727aa15670f1d996b3"",""playerA"":""KatteN"",""playerB"":""Lotuss"",""stats"":{""eligible"":false,""n_games_total"":14.0,""n_games"":7.0,""n_days"":6.0,""mean_impact"":-0.47678056,""shrunk_impact"":-0.19632141,""ci_low"":-0.36691734,""ci_high"":-0.02753199,""win_rate"":0.14285714}},""value"":-0.19632141},{""row"":3,""col"":2,""kind"":""sparse"",""pair"":{""id"":""pair-8f5ef120fcfd73fc"",""teamId"":""oe:team:d5465e862dc30f6b659b2e4965a9f0a"",""teamName"":""Team Nerotec"",""playerAId"":""oe:player:48286415b984816ee2d490a44ae4904"",""playerBId"":""oe:player:63ad3072dc5472bb44c2c42ede26d90"",""playerA"":""KatteN"",""playerB"":""Darkness"",""stats"":{""eligible"":false,""n_games_total"":8.0,""n_games"":7.0,""n_days"":6.0,""mean_impact"":0.01911292,""shrunk_impact"":0.00787002,""ci_low"":-0.14704434,""ci_high"":0.11348112,""win_rate"":0.14285714}},""value"":0.00787002},{""row"":3,""col"":3,""kind"":""self"",""pair"":null,""value"":null},{""row"":3,""col"":4,""kind"":""sparse"",""pair"":{""id"":""pair-5e9395c4e7f677de"",""teamId"":""oe:team:d5465e862dc30f6b659b2e4965a9f0a"",""teamName"":""Team Nerotec"",""playerAId"":""oe:player:48286415b984816ee2d490a44ae4904"",""playerBId"":""oe:player:5b86bd7c6c1e8a571ae4cd56460e6d1"",""playerA"":""KatteN"",""playerB"":""Shafu"",""stats"":{""eligible"":false,""n_games_total"":8.0,""n_games"":1.0,""n_days"":1.0,""mean_impact"":0.9643505,""shrunk_impact"":0.08766823,""ci_low"":null,""ci_high"":null,""win_rate"":0.0}},""value"":0.08766823},{""row"":4,""col"":0,""kind"":""sparse"",""pair"":{""id"":""pair-adba0fe201a08c69"",""teamId"":""oe:team:d5465e862dc30f6b659b2e4965a9f0a"",""teamName"":""Team Nerotec"",""playerAId"":""oe:player:5b86bd7c6c1e8a571ae4cd56460e6d1"",""playerBId"":""oe:player:dbe75751981b890185b008df9b6542e"",""playerA"":""Shafu"",""playerB"":""Patkica"",""stats"":{""eligible"":false,""n_games_total"":8.0,""n_games"":1.0,""n_days"":1.0,""mean_impact"":1.03425222,""shrunk_impact"":0.09402293,""ci_low"":null,""ci_high"":null,""win_rate"":0.0}},""value"":0.09402293},{""row"":4,""col"":1,""kind"":""sparse"",""pair"":{""id"":""pair-888c0945bdfcf8fa"",""teamId"":""oe:team:d5465e862dc30f6b659b2e4965a9f0a"",""teamName"":""Team Nerotec"",""playerAId"":""oe:player:5b86bd7c6c1e8a571ae4cd56460e6d1"",""playerBId"":""oe:player:81317166070e5727aa15670f1d996b3"",""playerA"":""Shafu"",""playerB"":""Lotuss"",""stats"":{""eligible"":false,""n_games_total"":8.0,""n_games"":1.0,""n_days"":1.0,""mean_impact"":0.44169014,""shrunk_impact"":0.04015365,""ci_low"":null,""ci_high"":null,""win_rate"":0.0}},""value"":0.04015365},{""row"":4,""col"":2,""kind"":""sparse"",""pair"":{""id"":""pair-917d701054f69e56"",""teamId"":""oe:team:d5465e862dc30f6b659b2e4965a9f0a"",""teamName"":""Team Nerotec"",""playerAId"":""oe:player:5b86bd7c6c1e8a571ae4cd56460e6d1"",""playerBId"":""oe:player:63ad3072dc5472bb44c2c42ede26d90"",""playerA"":""Shafu"",""playerB"":""Darkness"",""stats"":{""eligible"":false,""n_games_total"":2.0,""n_games"":1.0,""n_days"":1.0,""mean_impact"":0.94715651,""shrunk_impact"":0.08610514,""ci_low"":null,""ci_high"":null,""win_rate"":0.0}},""value"":0.08610514},{""row"":4,""col"":3,""kind"":""sparse"",""pair"":{""id"":""pair-5e9395c4e7f677de"",""teamId"":""oe:team:d5465e862dc30f6b659b2e4965a9f0a"",""teamName"":""Team Nerotec"",""playerAId"":""oe:player:48286415b984816ee2d490a44ae4904"",""playerBId"":""oe:player:5b86bd7c6c1e8a571ae4cd56460e6d1"",""playerA"":""KatteN"",""playerB"":""Shafu"",""stats"":{""eligible"":false,""n_games_total"":8.0,""n_games"":1.0,""n_days"":1.0,""mean_impact"":0.9643505,""shrunk_impact"":0.08766823,""ci_low"":null,""ci_high"":null,""win_rate"":0.0}},""value"":0.08766823},{""row"":4,""col"":4,""kind"":""self"",""pair"":null,""value"":null}],""limit"":0.19632141,""hasEligiblePair"":false}"
lineup-6ee50d3bc5b08dd5,oe:team:f60c41e54d2d0eaad6159eeb45336b4,Random 5,2019,oe:player:5e4e5f10bd862a0c9a3b6b5a86d4ce5,LUBEEENZZZ,oe:player:9612cba9ff460009874c95fa05ecca8,LeBron,oe:player:1e1db24bf0fc4f96936d640998c3756,Lmzs,oe:player:c8c871675cf00113f4f4e63ebc43fae,WildRabbit,oe:player:046bc46d1fafc28f2908ddaf25434db,Turanaga,4,4,4,-0.24502605,-0.07000744,-0.25496650,0.07570894,False,0.00000000,327.05279039,1.18174157,0.20822887,0.24224963,0.21201556,0.20505102,0.20567185,0.26504253,0.22222349,0.20315830,0.21319867,0.22592018,0.14689043,0.10082796,"{""version"":1,""players"":[{""id"":""oe:player:5e4e5f10bd862a0c9a3b6b5a86d4ce5"",""name"":""LUBEEENZZZ"",""role"":""top""},{""id"":""oe:player:9612cba9ff460009874c95fa05ecca8"",""name"":""LeBron"",""role"":""jng""},{""id"":""oe:player:1e1db24bf0fc4f96936d640998c3756"",""name"":""Lmzs"",""role"":""mid""},{""id"":""oe:player:c8c871675cf00113f4f4e63ebc43fae"",""name"":""WildRabbit"",""role"":""bot""},{""id"":""oe:player:046bc46d1fafc28f2908ddaf25434db"",""name"":""Turanaga"",""role"":""sup""}],""cells"":[{""row"":0,""col"":0,""kind"":""self"",""pair"":null,""value"":null},{""row"":0,""col"":1,""kind"":""sparse"",""pair"":{""id"":""pair-8aff3e9183501c0e"",""teamId"":""oe:team:f60c41e54d2d0eaad6159eeb45336b4"",""teamName"":""Random 5"",""playerAId"":""oe:player:5e4e5f10bd862a0c9a3b6b5a86d4ce5"",""playerBId"":""oe:player:9612cba9ff460009874c95fa05ecca8"",""playerA"":""LUBEEENZZZ"",""playerB"":""LeBron"",""stats"":{""eligible"":false,""n_games_total"":4.0,""n_games"":4.0,""n_days"":4.0,""mean_impact"":0.27431131,""shrunk_impact"":0.07837466,""ci_low"":-0.20376309,""ci_high"":0.34074401,""win_rate"":0.0}},""value"":0.07837466},{""row"":0,""col"":2,""kind"":""eligible"",""pair"":{""id"":""pair-69f471df481b689d"",""teamId"":""oe:team:f60c41e54d2d0eaad6159eeb45336b4"",""teamName"":""Random 5"",""playerAId"":""oe:player:1e1db24bf0fc4f96936d640998c3756"",""playerBId"":""oe:player:5e4e5f10bd862a0c9a3b6b5a86d4ce5"",""playerA"":""Lmzs"",""playerB"":""LUBEEENZZZ"",""stats"":{""eligible"":true,""n_games_total"":35.0,""n_games"":28.0,""n_days"":22.0,""mean_impact"":0.12107763,""shrunk_impact"":0.08921509,""ci_low"":-0.11564125,""ci_high"":0.25167966,""win_rate"":0.57142857}},""value"":0.08921509},{""row"":0,""col"":3,""kind"":""eligible"",""pair"":{""id"":""pair-8cd19d07f23fd9b5"",""teamId"":""oe:team:f60c41e54d2d0eaad6159eeb45336b4"",""teamName"":""Random 5"",""playerAId"":""oe:player:5e4e5f10bd862a0c9a3b6b5a86d4ce5"",""playerBId"":""oe:player:c8c871675cf00113f4f4e63ebc43fae"",""playerA"":""LUBEEENZZZ"",""playerB"":""WildRabbit"",""stats"":{""eligible"":true,""n_games_total"":14.0,""n_games"":13.0,""n_days"":13.0,""mean_impact"":-0.27195259,""shrunk_impact"":-0.15371233,""ci_low"":-0.35428993,""ci_high"":0.06325352,""win_rate"":0.38461538}},""value"":-0.15371233},{""row"":0,""col"":4,""kind"":""eligible"",""pair"":{""id"":""pair-b6f4f3741d8b933d"",""teamId"":""oe:team:f60c41e54d2d0eaad6159eeb45336b4"",""teamName"":""Random 5"",""playerAId"":""oe:player:046bc46d1fafc28f2908ddaf25434db"",""playerBId"":""oe:player:5e4e5f10bd862a0c9a3b6b5a86d4ce5"",""playerA"":""Turanaga"",""playerB"":""LUBEEENZZZ"",""stats"":{""eligible"":true,""n_games_total"":35.0,""n_games"":28.0,""n_days"":22.0,""mean_impact"":-0.0891351,""shrunk_impact"":-0.06567849,""ci_low"":-0.26602029,""ci_high"":0.14189361,""win_rate"":0.57142857}},""value"":-0.06567849},{""row"":1,""col"":0,""kind"":""sparse"",""pair"":{""id"":""pair-8aff3e9183501c0e"",""teamId"":""oe:team:f60c41e54d2d0eaad6159eeb45336b4"",""teamName"":""Random 5"",""playerAId"":""oe:player:5e4e5f10bd862a0c9a3b6b5a86d4ce5"",""playerBId"":""oe:player:9612cba9ff460009874c95fa05ecca8"",""playerA"":""LUBEEENZZZ"",""playerB"":""LeBron"",""stats"":{""eligible"":false,""n_games_total"":4.0,""n_games"":4.0,""n_days"":4.0,""mean_impact"":0.27431131,""shrunk_impact"":0.07837466,""ci_low"":-0.20376309,""ci_high"":0.34074401,""win_rate"":0.0}},""value"":0.07837466},{""row"":1,""col"":1,""kind"":""self"",""pair"":null,""value"":null},{""row"":1,""col"":2,""kind"":""sparse"",""pair"":{""id"":""pair-dc4f0ac3b0df1f92"",""teamId"":""oe:team:f60c41e54d2d0eaad6159eeb45336b4"",""teamName"":""Random 5"",""playerAId"":""oe:player:1e1db24bf0fc4f96936d640998c3756"",""playerBId"":""oe:player:9612cba9ff460009874c95fa05ecca8"",""playerA"":""Lmzs"",""playerB"":""LeBron"",""stats"":{""eligible"":false,""n_games_total"":4.0,""n_games"":4.0,""n_days"":4.0,""mean_impact"":-0.02548187,""shrunk_impact"":-0.00728053,""ci_low"":-0.18755841,""ci_high"":0.17299734,""win_rate"":0.0}},""value"":-0.00728053},{""row"":1,""col"":3,""kind"":""sparse"",""pair"":{""id"":""pair-22607a70d95aaf6b"",""teamId"":""oe:team:f60c41e54d2d0eaad6159eeb45336b4"",""teamName"":""Random 5"",""playerAId"":""oe:player:9612cba9ff460009874c95fa05ecca8"",""playerBId"":""oe:player:c8c871675cf00113f4f4e63ebc43fae"",""playerA"":""LeBron"",""playerB"":""WildRabbit"",""stats"":{""eligible"":false,""n_games_total"":4.0,""n_games"":4.0,""n_days"":4.0,""mean_impact"":0.10865808,""shrunk_impact"":0.03104516,""ci_low"":-0.2109683,""ci_high"":0.27305863,""win_rate"":0.0}},""value"":0.03104516},{""row"":1,""col"":4,""kind"":""sparse"",""pair"":{""id"":""pair-97e63f778fd272b3"",""teamId"":""oe:team:f60c41e54d2d0eaad6159eeb45336b4"",""teamName"":""Random 5"",""playerAId"":""oe:player:046bc46d1fafc28f2908ddaf25434db"",""playerBId"":""oe:player:9612cba9ff460009874c95fa05ecca8"",""playerA"":""Turanaga"",""playerB"":""LeBron"",""stats"":{""eligible"":false,""n_games_total"":4.0,""n_games"":4.0,""n_days"":4.0,""mean_impact"":0.14371752,""shrunk_impact"":0.04106215,""ci_low"":-0.27988974,""ci_high"":0.21122785,""win_rate"":0.0}},""value"":0.04106215},{""row"":2,""col"":0,""kind"":""eligible"",""pair"":{""id"":""pair-69f471df481b689d"",""teamId"":""oe:team:f60c41e54d2d0eaad6159eeb45336b4"",""teamName"":""Random 5"",""playerAId"":""oe:player:1e1db24bf0fc4f96936d640998c3756"",""playerBId"":""oe:player:5e4e5f10bd862a0c9a3b6b5a86d4ce5"",""playerA"":""Lmzs"",""playerB"":""LUBEEENZZZ"",""stats"":{""eligible"":true,""n_games_total"":35.0,""n_games"":28.0,""n_days"":22.0,""mean_impact"":0.12107763,""shrunk_impact"":0.08921509,""ci_low"":-0.11564125,""ci_high"":0.25167966,""win_rate"":0.57142857}},""value"":0.08921509},{""row"":2,""col"":1,""kind"":""sparse"",""pair"":{""id"":""pair-dc4f0ac3b0df1f92"",""teamId"":""oe:team:f60c41e54d2d0eaad6159eeb45336b4"",""teamName"":""Random 5"",""playerAId"":""oe:player:1e1db24bf0fc4f96936d640998c3756"",""playerBId"":""oe:player:9612cba9ff460009874c95fa05ecca8"",""playerA"":""Lmzs"",""playerB"":""LeBron"",""stats"":{""eligible"":false,""n_games_total"":4.0,""n_games"":4.0,""n_days"":4.0,""mean_impact"":-0.02548187,""shrunk_impact"":-0.00728053,""ci_low"":-0.18755841,""ci_high"":0.17299734,""win_rate"":0.0}},""value"":-0.00728053},{""row"":2,""col"":2,""kind"":""self"",""pair"":null,""value"":null},{""row"":2,""col"":3,""kind"":""eligible"",""pair"":{""id"":""pair-515fd19a3699d4a9"",""teamId"":""oe:team:f60c41e54d2d0eaad6159eeb45336b4"",""teamName"":""Random 5"",""playerAId"":""oe:player:1e1db24bf0fc4f96936d640998c3756"",""playerBId"":""oe:player:c8c871675cf00113f4f4e63ebc43fae"",""playerA"":""Lmzs"",""playerB"":""WildRabbit"",""stats"":{""eligible"":true,""n_games_total"":14.0,""n_games"":13.0,""n_days"":13.0,""mean_impact"":-0.15915204,""shrunk_impact"":-0.0899555,""ci_low"":-0.32644396,""ci_high"":0.16353434,""win_rate"":0.38461538}},""value"":-0.0899555},{""row"":2,""col"":4,""kind"":""eligible"",""pair"":{""id"":""pair-b27d7b077de8affd"",""teamId"":""oe:team:f60c41e54d2d0eaad6159eeb45336b4"",""teamName"":""Random 5"",""playerAId"":""oe:player:046bc46d1fafc28f2908ddaf25434db"",""playerBId"":""oe:player:1e1db24bf0fc4f96936d640998c3756"",""playerA"":""Turanaga"",""playerB"":""Lmzs"",""stats"":{""eligible"":true,""n_games_total"":35.0,""n_games"":28.0,""n_days"":22.0,""mean_impact"":-0.00224874,""shrunk_impact"":-0.00165697,""ci_low"":-0.28418164,""ci_high"":0.22614324,""win_rate"":0.57142857}},""value"":-0.00165697},{""row"":3,""col"":0,""kind"":""eligible"",""pair"":{""id"":""pair-8cd19d07f23fd9b5"",""teamId"":""oe:team:f60c41e54d2d0eaad6159eeb45336b4"",""teamName"":""Random 5"",""playerAId"":""oe:player:5e4e5f10bd862a0c9a3b6b5a86d4ce5"",""playerBId"":""oe:player:c8c871675cf00113f4f4e63ebc43fae"",""playerA"":""LUBEEENZZZ"",""playerB"":""WildRabbit"",""stats"":{""eligible"":true,""n_games_total"":14.0,""n_games"":13.0,""n_days"":13.0,""mean_impact"":-0.27195259,""shrunk_impact"":-0.15371233,""ci_low"":-0.35428993,""ci_high"":0.06325352,""win_rate"":0.38461538}},""value"":-0.15371233},{""row"":3,""col"":1,""kind"":""sparse"",""pair"":{""id"":""pair-22607a70d95aaf6b"",""teamId"":""oe:team:f60c41e54d2d0eaad6159eeb45336b4"",""teamName"":""Random 5"",""playerAId"":""oe:player:9612cba9ff460009874c95fa05ecca8"",""playerBId"":""oe:player:c8c871675cf00113f4f4e63ebc43fae"",""playerA"":""LeBron"",""playerB"":""WildRabbit"",""stats"":{""eligible"":false,""n_games_total"":4.0,""n_games"":4.0,""n_days"":4.0,""mean_impact"":0.10865808,""shrunk_impact"":0.03104516,""ci_low"":-0.2109683,""ci_high"":0.27305863,""win_rate"":0.0}},""value"":0.03104516},{""row"":3,""col"":2,""kind"":""eligible"",""pair"":{""id"":""pair-515fd19a3699d4a9"",""teamId"":""oe:team:f60c41e54d2d0eaad6159eeb45336b4"",""teamName"":""Random 5"",""playerAId"":""oe:player:1e1db24bf0fc4f96936d640998c3756"",""playerBId"":""oe:player:c8c871675cf00113f4f4e63ebc43fae"",""playerA"":""Lmzs"",""playerB"":""WildRabbit"",""stats"":{""eligible"":true,""n_games_total"":14.0,""n_games"":13.0,""n_days"":13.0,""mean_impact"":-0.15915204,""shrunk_impact"":-0.0899555,""ci_low"":-0.32644396,""ci_high"":0.16353434,""win_rate"":0.38461538}},""value"":-0.0899555},{""row"":3,""col"":3,""kind"":""self"",""pair"":null,""value"":null},{""row"":3,""col"":4,""kind"":""eligible"",""pair"":{""id"":""pair-536dff2c1d3f003c"",""teamId"":""oe:team:f60c41e54d2d0eaad6159eeb45336b4"",""teamName"":""Random 5"",""playerAId"":""oe:player:046bc46d1fafc28f2908ddaf25434db"",""playerBId"":""oe:player:c8c871675cf00113f4f4e63ebc43fae"",""playerA"":""Turanaga"",""playerB"":""WildRabbit"",""stats"":{""eligible"":true,""n_games_total"":14.0,""n_games"":13.0,""n_days"":13.0,""mean_impact"":-0.2929115,""shrunk_impact"":-0.16555867,""ci_low"":-0.41047747,""ci_high"":0.13727331,""win_rate"":0.38461538}},""value"":-0.16555867},{""row"":4,""col"":0,""kind"":""eligible"",""pair"":{""id"":""pair-b6f4f3741d8b933d"",""teamId"":""oe:team:f60c41e54d2d0eaad6159eeb45336b4"",""teamName"":""Random 5"",""playerAId"":""oe:player:046bc46d1fafc28f2908ddaf25434db"",""playerBId"":""oe:player:5e4e5f10bd862a0c9a3b6b5a86d4ce5"",""playerA"":""Turanaga"",""playerB"":""LUBEEENZZZ"",""stats"":{""eligible"":true,""n_games_total"":35.0,""n_games"":28.0,""n_days"":22.0,""mean_impact"":-0.0891351,""shrunk_impact"":-0.06567849,""ci_low"":-0.26602029,""ci_high"":0.14189361,""win_rate"":0.57142857}},""value"":-0.06567849},{""row"":4,""col"":1,""kind"":""sparse"",""pair"":{""id"":""pair-97e63f778fd272b3"",""teamId"":""oe:team:f60c41e54d2d0eaad6159eeb45336b4"",""teamName"":""Random 5"",""playerAId"":""oe:player:046bc46d1fafc28f2908ddaf25434db"",""playerBId"":""oe:player:9612cba9ff460009874c95fa05ecca8"",""playerA"":""Turanaga"",""playerB"":""LeBron"",""stats"":{""eligible"":false,""n_games_total"":4.0,""n_games"":4.0,""n_days"":4.0,""mean_impact"":0.14371752,""shrunk_impact"":0.04106215,""ci_low"":-0.27988974,""ci_high"":0.21122785,""win_rate"":0.0}},""value"":0.04106215},{""row"":4,""col"":2,""kind"":""eligible"",""pair"":{""id"":""pair-b27d7b077de8affd"",""teamId"":""oe:team:f60c41e54d2d0eaad6159eeb45336b4"",""teamName"":""Random 5"",""playerAId"":""oe:player:046bc46d1fafc28f2908ddaf25434db"",""playerBId"":""oe:player:1e1db24bf0fc4f96936d640998c3756"",""playerA"":""Turanaga"",""playerB"":""Lmzs"",""stats"":{""eligible"":true,""n_games_total"":35.0,""n_games"":28.0,""n_days"":22.0,""mean_impact"":-0.00224874,""shrunk_impact"":-0.00165697,""ci_low"":-0.28418164,""ci_high"":0.22614324,""win_rate"":0.57142857}},""value"":-0.00165697},{""row"":4,""col"":3,""kind"":""eligible"",""pair"":{""id"":""pair-536dff2c1d3f003c"",""teamId"":""oe:team:f60c41e54d2d0eaad6159eeb45336b4"",""teamName"":""Random 5"",""playerAId"":""oe:player:046bc46d1fafc28f2908ddaf25434db"",""playerBId"":""oe:player:c8c871675cf00113f4f4e63ebc43fae"",""playerA"":""Turanaga"",""playerB"":""WildRabbit"",""stats"":{""eligible"":true,""n_games_total"":14.0,""n_games"":13.0,""n_days"":13.0,""mean_impact"":-0.2929115,""shrunk_impact"":-0.16555867,""ci_low"":-0.41047747,""ci_high"":0.13727331,""win_rate"":0.38461538}},""value"":-0.16555867},{""row"":4,""col"":4,""kind"":""self"",""pair"":null,""value"":null}],""limit"":0.16555867,""hasEligiblePair"":true}"
lineup-6ff4d01f26ecbbb4,oe:team:f60c41e54d2d0eaad6159eeb45336b4,Random 5,2019,oe:player:5e4e5f10bd862a0c9a3b6b5a86d4ce5,LUBEEENZZZ,oe:player:11389d6d8a29729807c3cf528a98050,SPOOKY,oe:player:1e1db24bf0fc4f96936d640998c3756,Lmzs,oe:player:ba6e76e259419420ddff269bb6ef074,Vzz,oe:player:046bc46d1fafc28f2908ddaf25434db,Turanaga,21,15,9,0.12538491,0.07523095,-0.08066707,0.17896488,True,0.73333333,378.87298031,1.28841037,0.20866514,0.25472414,0.19777310,0.21326614,0.19090517,0.16407528,0.21914240,0.25938164,0.24997064,0.28665698,0.14220869,0.07661996,"{""version"":1,""players"":[{""id"":""oe:player:5e4e5f10bd862a0c9a3b6b5a86d4ce5"",""name"":""LUBEEENZZZ"",""role"":""top""},{""id"":""oe:player:11389d6d8a29729807c3cf528a98050"",""name"":""SPOOKY"",""role"":""jng""},{""id"":""oe:player:1e1db24bf0fc4f96936d640998c3756"",""name"":""Lmzs"",""role"":""mid""},{""id"":""oe:player:ba6e76e259419420ddff269bb6ef074"",""name"":""Vzz"",""role"":""bot""},{""id"":""oe:player:046bc46d1fafc28f2908ddaf25434db"",""name"":""Turanaga"",""role"":""sup""}],""cells"":[{""row"":0,""col"":0,""kind"":""self"",""pair"":null,""value"":null},{""row"":0,""col"":1,""kind"":""eligible"",""pair"":{""id"":""pair-a9b880424b0f274a"",""teamId"":""oe:team:f60c41e54d2d0eaad6159eeb45336b4"",""teamName"":""Random 5"",""playerAId"":""oe:player:11389d6d8a29729807c3cf528a98050"",""playerBId"":""oe:player:5e4e5f10bd862a0c9a3b6b5a86d4ce5"",""playerA"":""SPOOKY"",""playerB"":""LUBEEENZZZ"",""stats"":{""eligible"":true,""n_games_total"":22.0,""n_games"":15.0,""n_days"":9.0,""mean_impact"":0.14809095,""shrunk_impact"":0.08885457,""ci_low"":-0.03729261,""ci_high"":0.35260821,""win_rate"":0.73333333}},""value"":0.08885457},{""row"":0,""col"":2,""kind"":""eligible"",""pair"":{""id"":""pair-69f471df481b689d"",""teamId"":""oe:team:f60c41e54d2d0eaad6159eeb45336b4"",""teamName"":""Random 5"",""playerAId"":""oe:player:1e1db24bf0fc4f96936d640998c3756"",""playerBId"":""oe:player:5e4e5f10bd862a0c9a3b6b5a86d4ce5"",""playerA"":""Lmzs"",""playerB"":""LUBEEENZZZ"",""stats"":{""eligible"":true,""n_games_total"":35.0,""n_games"":28.0,""n_days"":22.0,""mean_impact"":0.12107763,""shrunk_impact"":0.08921509,""ci_low"":-0.11564125,""ci_high"":0.25167966,""win_rate"":0.57142857}},""value"":0.08921509},{""row"":0,""col"":3,""kind"":""eligible"",""pair"":{""id"":""pair-020094aec2fab6ba"",""teamId"":""oe:team:f60c41e54d2d0eaad6159eeb45336b4"",""teamName"":""Random 5"",""playerAId"":""oe:player:5e4e5f10bd862a0c9a3b6b5a86d4ce5"",""playerBId"":""oe:player:ba6e76e259419420ddff269bb6ef074"",""playerA"":""LUBEEENZZZ"",""playerB"":""Vzz"",""stats"":{""eligible"":true,""n_games_total"":21.0,""n_games"":15.0,""n_days"":9.0,""mean_impact"":0.24481528,""shrunk_impact"":0.14688917,""ci_low"":0.01526618,""ci_high"":0.31806169,""win_rate"":0.73333333}},""value"":0.14688917},{""row"":0,""col"":4,""kind"":""eligible"",""pair"":{""id"":""pair-b6f4f3741d8b933d"",""teamId"":""oe:team:f60c41e54d2d0eaad6159eeb45336b4"",""teamName"":""Random 5"",""playerAId"":""oe:player:046bc46d1fafc28f2908ddaf25434db"",""playerBId"":""oe:player:5e4e5f10bd862a0c9a3b6b5a86d4ce5"",""playerA"":""Turanaga"",""playerB"":""LUBEEENZZZ"",""stats"":{""eligible"":true,""n_games_total"":35.0,""n_games"":28.0,""n_days"":22.0,""mean_impact"":-0.0891351,""shrunk_impact"":-0.06567849,""ci_low"":-0.26602029,""ci_high"":0.14189361,""win_rate"":0.57142857}},""value"":-0.06567849},{""row"":1,""col"":0,""kind"":""eligible"",""pair"":{""id"":""pair-a9b880424b0f274a"",""teamId"":""oe:team:f60c41e54d2d0eaad6159eeb45336b4"",""teamName"":""Random 5"",""playerAId"":""oe:player:11389d6d8a29729807c3cf528a98050"",""playerBId"":""oe:player:5e4e5f10bd862a0c9a3b6b5a86d4ce5"",""playerA"":""SPOOKY"",""playerB"":""LUBEEENZZZ"",""stats"":{""eligible"":true,""n_games_total"":22.0,""n_games"":15.0,""n_days"":9.0,""mean_impact"":0.14809095,""shrunk_impact"":0.08885457,""ci_low"":-0.03729261,""ci_high"":0.35260821,""win_rate"":0.73333333}},""value"":0.08885457},{""row"":1,""col"":1,""kind"":""self"",""pair"":null,""value"":null},{""row"":1,""col"":2,""kind"":""eligible"",""pair"":{""id"":""pair-adc767af189708dc"",""teamId"":""oe:team:f60c41e54d2d0eaad6159eeb45336b4"",""teamName"":""Random 5"",""playerAId"":""oe:player:11389d6d8a29729807c3cf528a98050"",""playerBId"":""oe:player:1e1db24bf0fc4f96936d640998c3756"",""playerA"":""SPOOKY"",""playerB"":""Lmzs"",""stats"":{""eligible"":true,""n_games_total"":22.0,""n_games"":15.0,""n_days"":9.0,""mean_impact"":0.21251834,""shrunk_impact"":0.127511,""ci_low"":-0.20159705,""ci_high"":0.36004346,""win_rate"":0.73333333}},""value"":0.127511},{""row"":1,""col"":3,""kind"":""eligible"",""pair"":{""id"":""pair-eedcacc98ccb6d20"",""teamId"":""oe:team:f60c41e54d2d0eaad6159eeb45336b4"",""teamName"":""Random 5"",""playerAId"":""oe:player:11389d6d8a29729807c3cf528a98050"",""playerBId"":""oe:player:ba6e76e259419420ddff269bb6ef074"",""playerA"":""SPOOKY"",""playerB"":""Vzz"",""stats"":{""eligible"":true,""n_games_total"":21.0,""n_games"":15.0,""n_days"":9.0,""mean_impact"":0.25655923,""shrunk_impact"":0.15393554,""ci_low"":0.01684358,""ci_high"":0.35771562,""win_rate"":0.73333333}},""value"":0.15393554},{""row"":1,""col"":4,""kind"":""eligible"",""pair"":{""id"":""pair-49374cc668d17bea"",""teamId"":""oe:team:f60c41e54d2d0eaad6159eeb45336b4"",""teamName"":""Random 5"",""playerAId"":""oe:player:046bc46d1fafc28f2908ddaf25434db"",""playerBId"":""oe:player:11389d6d8a29729807c3cf528a98050"",""playerA"":""Turanaga"",""playerB"":""SPOOKY"",""stats"":{""eligible"":true,""n_games_total"":22.0,""n_games"":15.0,""n_days"":9.0,""mean_impact"":-0.06395389,""shrunk_impact"":-0.03837233,""ci_low"":-0.32711817,""ci_high"":0.22334841,""win_rate"":0.73333333}},""value"":-0.03837233},{""row"":2,""col"":0,""kind"":""eligible"",""pair"":{""id"":""pair-69f471df481b689d"",""teamId"":""oe:team:f60c41e54d2d0eaad6159eeb45336b4"",""teamName"":""Random 5"",""playerAId"":""oe:player:1e1db24bf0fc4f96936d640998c3756"",""playerBId"":""oe:player:5e4e5f10bd862a0c9a3b6b5a86d4ce5"",""playerA"":""Lmzs"",""playerB"":""LUBEEENZZZ"",""stats"":{""eligible"":true,""n_games_total"":35.0,""n_games"":28.0,""n_days"":22.0,""mean_impact"":0.12107763,""shrunk_impact"":0.08921509,""ci_low"":-0.11564125,""ci_high"":0.25167966,""win_rate"":0.57142857}},""value"":0.08921509},{""row"":2,""col"":1,""kind"":""eligible"",""pair"":{""id"":""pair-adc767af189708dc"",""teamId"":""oe:team:f60c41e54d2d0eaad6159eeb45336b4"",""teamName"":""Random 5"",""playerAId"":""oe:player:11389d6d8a29729807c3cf528a98050"",""playerBId"":""oe:player:1e1db24bf0fc4f96936d640998c3756"",""playerA"":""SPOOKY"",""playerB"":""Lmzs"",""stats"":{""eligible"":true,""n_games_total"":22.0,""n_games"":15.0,""n_days"":9.0,""mean_impact"":0.21251834,""shrunk_impact"":0.127511,""ci_low"":-0.20159705,""ci_high"":0.36004346,""win_rate"":0.73333333}},""value"":0.127511},{""row"":2,""col"":2,""kind"":""self"",""pair"":null,""value"":null},{""row"":2,""col"":3,""kind"":""eligible"",""pair"":{""id"":""pair-be9c7e2118957570"",""teamId"":""oe:team:f60c41e54d2d0eaad6159eeb45336b4"",""teamName"":""Random 5"",""playerAId"":""oe:player:1e1db24bf0fc4f96936d640998c3756"",""playerBId"":""oe:player:ba6e76e259419420ddff269bb6ef074"",""playerA"":""Lmzs"",""playerB"":""Vzz"",""stats"":{""eligible"":true,""n_games_total"":21.0,""n_games"":15.0,""n_days"":9.0,""mean_impact"":0.30924267,""shrunk_impact"":0.1855456,""ci_low"":-0.08970796,""ci_high"":0.32202687,""win_rate"":0.73333333}},""value"":0.1855456},{""row"":2,""col"":4,""kind"":""eligible"",""pair"":{""id"":""pair-b27d7b077de8affd"",""teamId"":""oe:team:f60c41e54d2d0eaad6159eeb45336b4"",""teamName"":""Random 5"",""playerAId"":""oe:player:046bc46d1fafc28f2908ddaf25434db"",""playerBId"":""oe:player:1e1db24bf0fc4f96936d640998c3756"",""playerA"":""Turanaga"",""playerB"":""Lmzs"",""stats"":{""eligible"":true,""n_games_total"":35.0,""n_games"":28.0,""n_days"":22.0,""mean_impact"":-0.00224874,""shrunk_impact"":-0.00165697,""ci_low"":-0.28418164,""ci_high"":0.22614324,""win_rate"":0.57142857}},""value"":-0.00165697},{""row"":3,""col"":0,""kind"":""eligible"",""pair"":{""id"":""pair-020094aec2fab6ba"",""teamId"":""oe:team:f60c41e54d2d0eaad6159eeb45336b4"",""teamName"":""Random 5"",""playerAId"":""oe:player:5e4e5f10bd862a0c9a3b6b5a86d4ce5"",""playerBId"":""oe:player:ba6e76e259419420ddff269bb6ef074"",""playerA"":""LUBEEENZZZ"",""playerB"":""Vzz"",""stats"":{""eligible"":true,""n_games_total"":21.0,""n_games"":15.0,""n_days"":9.0,""mean_impact"":0.24481528,""shrunk_impact"":0.14688917,""ci_low"":0.01526618,""ci_high"":0.31806169,""win_rate"":0.73333333}},""value"":0.14688917},{""row"":3,""col"":1,""kind"":""eligible"",""pair"":{""id"":""pair-eedcacc98ccb6d20"",""teamId"":""oe:team:f60c41e54d2d0eaad6159eeb45336b4"",""teamName"":""Random 5"",""playerAId"":""oe:player:11389d6d8a29729807c3cf528a98050"",""playerBId"":""oe:player:ba6e76e259419420ddff269bb6ef074"",""playerA"":""SPOOKY"",""playerB"":""Vzz"",""stats"":{""eligible"":true,""n_games_total"":21.0,""n_games"":15.0,""n_days"":9.0,""mean_impact"":0.25655923,""shrunk_impact"":0.15393554,""ci_low"":0.01684358,""ci_high"":0.35771562,""win_rate"":0.73333333}},""value"":0.15393554},{""row"":3,""col"":2,""kind"":""eligible"",""pair"":{""id"":""pair-be9c7e2118957570"",""teamId"":""oe:team:f60c41e54d2d0eaad6159eeb45336b4"",""teamName"":""Random 5"",""playerAId"":""oe:player:1e1db24bf0fc4f96936d640998c3756"",""playerBId"":""oe:player:ba6e76e259419420ddff269bb6ef074"",""playerA"":""Lmzs"",""playerB"":""Vzz"",""stats"":{""eligible"":true,""n_games_total"":21.0,""n_games"":15.0,""n_days"":9.0,""mean_impact"":0.30924267,""shrunk_impact"":0.1855456,""ci_low"":-0.08970796,""ci_high"":0.32202687,""win_rate"":0.73333333}},""value"":0.1855456},{""row"":3,""col"":3,""kind"":""self"",""pair"":null,""value"":null},{""row"":3,""col"":4,""kind"":""eligible"",""pair"":{""id"":""pair-48cc9c09544d7d0a"",""teamId"":""oe:team:f60c41e54d2d0eaad6159eeb45336b4"",""teamName"":""Random 5"",""playerAId"":""oe:player:046bc46d1fafc28f2908ddaf25434db"",""playerBId"":""oe:player:ba6e76e259419420ddff269bb6ef074"",""playerA"":""Turanaga"",""playerB"":""Vzz"",""stats"":{""eligible"":true,""n_games_total"":21.0,""n_games"":15.0,""n_days"":9.0,""mean_impact"":0.03277044,""shrunk_impact"":0.01966227,""ci_low"":-0.16136767,""ci_high"":0.14462848,""win_rate"":0.73333333}},""value"":0.01966227},{""row"":4,""col"":0,""kind"":""eligible"",""pair"":{""id"":""pair-b6f4f3741d8b933d"",""teamId"":""oe:team:f60c41e54d2d0eaad6159eeb45336b4"",""teamName"":""Random 5"",""playerAId"":""oe:player:046bc46d1fafc28f2908ddaf25434db"",""playerBId"":""oe:player:5e4e5f10bd862a0c9a3b6b5a86d4ce5"",""playerA"":""Turanaga"",""playerB"":""LUBEEENZZZ"",""stats"":{""eligible"":true,""n_games_total"":35.0,""n_games"":28.0,""n_days"":22.0,""mean_impact"":-0.0891351,""shrunk_impact"":-0.06567849,""ci_low"":-0.26602029,""ci_high"":0.14189361,""win_rate"":0.57142857}},""value"":-0.06567849},{""row"":4,""col"":1,""kind"":""eligible"",""pair"":{""id"":""pair-49374cc668d17bea"",""teamId"":""oe:team:f60c41e54d2d0eaad6159eeb45336b4"",""teamName"":""Random 5"",""playerAId"":""oe:player:046bc46d1fafc28f2908ddaf25434db"",""playerBId"":""oe:player:11389d6d8a29729807c3cf528a98050"",""playerA"":""Turanaga"",""playerB"":""SPOOKY"",""stats"":{""eligible"":true,""n_games_total"":22.0,""n_games"":15.0,""n_days"":9.0,""mean_impact"":-0.06395389,""shrunk_impact"":-0.03837233,""ci_low"":-0.32711817,""ci_high"":0.22334841,""win_rate"":0.73333333}},""value"":-0.03837233},{""row"":4,""col"":2,""kind"":""eligible"",""pair"":{""id"":""pair-b27d7b077de8affd"",""teamId"":""oe:team:f60c41e54d2d0eaad6159eeb45336b4"",""teamName"":""Random 5"",""playerAId"":""oe:player:046bc46d1fafc28f2908ddaf25434db"",""playerBId"":""oe:player:1e1db24bf0fc4f96936d640998c3756"",""playerA"":""Turanaga"",""playerB"":""Lmzs"",""stats"":{""eligible"":true,""n_games_total"":35.0,""n_games"":28.0,""n_days"":22.0,""mean_impact"":-0.00224874,""shrunk_impact"":-0.00165697,""ci_low"":-0.28418164,""ci_high"":0.22614324,""win_rate"":0.57142857}},""value"":-0.00165697},{""row"":4,""col"":3,""kind"":""eligible"",""pair"":{""id"":""pair-48cc9c09544d7d0a"",""teamId"":""oe:team:f60c41e54d2d0eaad6159eeb45336b4"",""teamName"":""Random 5"",""playerAId"":""oe:player:046bc46d1fafc28f2908ddaf25434db"",""playerBId"":""oe:player:ba6e76e259419420ddff269bb6ef074"",""playerA"":""Turanaga"",""playerB"":""Vzz"",""stats"":{""eligible"":true,""n_games_total"":21.0,""n_games"":15.0,""n_days"":9.0,""mean_impact"":0.03277044,""shrunk_impact"":0.01966227,""ci_low"":-0.16136767,""ci_high"":0.14462848,""win_rate"":0.73333333}},""value"":0.01966227},{""row"":4,""col"":4,""kind"":""self"",""pair"":null,""value"":null}],""limit"":0.1855456,""hasEligiblePair"":true}"
lineup-71d87df82330df0a,oe:team:f4b807048502e27f01499f06b235a9a,Crvena zvezda Esports,2019,oe:player:d8a389075cec97fa2685ff19c589ab4,Quinncidence,oe:player:e041923a70bcde3b24d608958f8edc8,Shlatan,oe:player:6bc01a5be22b28e27cf296c2f59eecd,Marrow Ooze,oe:player:5c58c2e986e8aec0ee6f2465823349a,GOLDENTO4ST,oe:player:85b3b3e91202ccada9f1f5a24dc1bfb,Cl0x,17,12,8,0.12043899,0.06569399,-0.02522658,0.16123792,True,0.75000000,370.38129410,1.44193453,0.20812789,0.23635577,0.21384144,0.23310974,0.18693368,0.18670172,0.20890894,0.23473957,0.25085683,0.26629585,0.13945911,0.07915312,"{""version"":1,""players"":[{""id"":""oe:player:d8a389075cec97fa2685ff19c589ab4"",""name"":""Quinncidence"",""role"":""top""},{""id"":""oe:player:e041923a70bcde3b24d608958f8edc8"",""name"":""Shlatan"",""role"":""jng""},{""id"":""oe:player:6bc01a5be22b28e27cf296c2f59eecd"",""name"":""Marrow Ooze"",""role"":""mid""},{""id"":""oe:player:5c58c2e986e8aec0ee6f2465823349a"",""name"":""GOLDENTO4ST"",""role"":""bot""},{""id"":""oe:player:85b3b3e91202ccada9f1f5a24dc1bfb"",""name"":""Cl0x"",""role"":""sup""}],""cells"":[{""row"":0,""col"":0,""kind"":""self"",""pair"":null,""value"":null},{""row"":0,""col"":1,""kind"":""eligible"",""pair"":{""id"":""pair-f0126ae61bddf95b"",""teamId"":""oe:team:f4b807048502e27f01499f06b235a9a"",""teamName"":""Crvena zvezda Esports"",""playerAId"":""oe:player:d8a389075cec97fa2685ff19c589ab4"",""playerBId"":""oe:player:e041923a70bcde3b24d608958f8edc8"",""playerA"":""Quinncidence"",""playerB"":""Shlatan"",""stats"":{""eligible"":true,""n_games_total"":17.0,""n_games"":12.0,""n_days"":8.0,""mean_impact"":0.44414756,""shrunk_impact"":0.24226231,""ci_low"":0.13814997,""ci_high"":0.37507821,""win_rate"":0.75}},""value"":0.24226231},{""row"":0,""col"":2,""kind"":""eligible"",""pair"":{""id"":""pair-e6a50b2822fb87f2"",""teamId"":""oe:team:f4b807048502e27f01499f06b235a9a"",""teamName"":""Crvena zvezda Esports"",""playerAId"":""oe:player:6bc01a5be22b28e27cf296c2f59eecd"",""playerBId"":""oe:player:d8a389075cec97fa2685ff19c589ab4"",""playerA"":""Marrow Ooze"",""playerB"":""Quinncidence"",""stats"":{""eligible"":true,""n_games_total"":20.0,""n_games"":13.0,""n_days"":9.0,""mean_impact"":0.1209309,""shrunk_impact"":0.06835225,""ci_low"":-0.1192127,""ci_high"":0.23100354,""win_rate"":0.69230769}},""value"":0.06835225},{""row"":0,""col"":3,""kind"":""eligible"",""pair"":{""id"":""pair-f46f5c3578bd736b"",""teamId"":""oe:team:f4b807048502e27f01499f06b235a9a"",""teamName"":""Crvena zvezda Esports"",""playerAId"":""oe:player:5c58c2e986e8aec0ee6f2465823349a"",""playerBId"":""oe:player:d8a389075cec97fa2685ff19c589ab4"",""playerA"":""GOLDENTO4ST"",""playerB"":""Quinncidence"",""stats"":{""eligible"":true,""n_games_total"":20.0,""n_games"":13.0,""n_days"":9.0,""mean_impact"":0.17931319,""shrunk_impact"":0.10135093,""ci_low"":-0.09012271,""ci_high"":0.31667373,""win_rate"":0.69230769}},""value"":0.10135093},{""row"":0,""col"":4,""kind"":""eligible"",""pair"":{""id"":""pair-60c5776a8299aa29"",""teamId"":""oe:team:f4b807048502e27f01499f06b235a9a"",""teamName"":""Crvena zvezda Esports"",""playerAId"":""oe:player:85b3b3e91202ccada9f1f5a24dc1bfb"",""playerBId"":""oe:player:d8a389075cec97fa2685ff19c589ab4"",""playerA"":""Cl0x"",""playerB"":""Quinncidence"",""stats"":{""eligible"":true,""n_games_total"":20.0,""n_games"":13.0,""n_days"":9.0,""mean_impact"":0.06594614,""shrunk_impact"":0.0372739,""ci_low"":-0.20582586,""ci_high"":0.27743747,""win_rate"":0.69230769}},""value"":0.0372739},{""row"":1,""col"":0,""kind"":""eligible"",""pair"":{""id"":""pair-f0126ae61bddf95b"",""teamId"":""oe:team:f4b807048502e27f01499f06b235a9a"",""teamName"":""Crvena zvezda Esports"",""playerAId"":""oe:player:d8a389075cec97fa2685ff19c589ab4"",""playerBId"":""oe:player:e041923a70bcde3b24d608958f8edc8"",""playerA"":""Quinncidence"",""playerB"":""Shlatan"",""stats"":{""eligible"":true,""n_games_total"":17.0,""n_games"":12.0,""n_days"":8.0,""mean_impact"":0.44414756,""shrunk_impact"":0.24226231,""ci_low"":0.13814997,""ci_high"":0.37507821,""win_rate"":0.75}},""value"":0.24226231},{""row"":1,""col"":1,""kind"":""self"",""pair"":null,""value"":null},{""row"":1,""col"":2,""kind"":""eligible"",""pair"":{""id"":""pair-d3c8a8f59c66b34c"",""teamId"":""oe:team:f4b807048502e27f01499f06b235a9a"",""teamName"":""Crvena zvezda Esports"",""playerAId"":""oe:player:6bc01a5be22b28e27cf296c2f59eecd"",""playerBId"":""oe:player:e041923a70bcde3b24d608958f8edc8"",""playerA"":""Marrow Ooze"",""playerB"":""Shlatan"",""stats"":{""eligible"":true,""n_games_total"":17.0,""n_games"":12.0,""n_days"":8.0,""mean_impact"":0.12015752,""shrunk_impact"":0.06554047,""ci_low"":-0.06095615,""ci_high"":0.14477738,""win_rate"":0.75}},""value"":0.06554047},{""row"":1,""col"":3,""kind"":""eligible"",""pair"":{""id"":""pair-1fdb443c1b3be43e"",""teamId"":""oe:team:f4b807048502e27f01499f06b235a9a"",""teamName"":""Crvena zvezda Esports"",""playerAId"":""oe:player:5c58c2e986e8aec0ee6f2465823349a"",""playerBId"":""oe:player:e041923a70bcde3b24d608958f8edc8"",""playerA"":""GOLDENTO4ST"",""playerB"":""Shlatan"",""stats"":{""eligible"":true,""n_games_total"":17.0,""n_games"":12.0,""n_days"":8.0,""mean_impact"":0.19035381,""shrunk_impact"":0.10382935,""ci_low"":0.04437083,""ci_high"":0.16852827,""win_rate"":0.75}},""value"":0.10382935},{""row"":1,""col"":4,""kind"":""eligible"",""pair"":{""id"":""pair-d6c13c7232dd8b78"",""teamId"":""oe:team:f4b807048502e27f01499f06b235a9a"",""teamName"":""Crvena zvezda Esports"",""playerAId"":""oe:player:85b3b3e91202ccada9f1f5a24dc1bfb"",""playerBId"":""oe:player:e041923a70bcde3b24d608958f8edc8"",""playerA"":""Cl0x"",""playerB"":""Shlatan"",""stats"":{""eligible"":true,""n_games_total"":17.0,""n_games"":12.0,""n_days"":8.0,""mean_impact"":0.09265247,""shrunk_impact"":0.05053771,""ci_low"":-0.10648813,""ci_high"":0.17911628,""win_rate"":0.75}},""value"":0.05053771},{""row"":2,""col"":0,""kind"":""eligible"",""pair"":{""id"":""pair-e6a50b2822fb87f2"",""teamId"":""oe:team:f4b807048502e27f01499f06b235a9a"",""teamName"":""Crvena zvezda Esports"",""playerAId"":""oe:player:6bc01a5be22b28e27cf296c2f59eecd"",""playerBId"":""oe:player:d8a389075cec97fa2685ff19c589ab4"",""playerA"":""Marrow Ooze"",""playerB"":""Quinncidence"",""stats"":{""eligible"":true,""n_games_total"":20.0,""n_games"":13.0,""n_days"":9.0,""mean_impact"":0.1209309,""shrunk_impact"":0.06835225,""ci_low"":-0.1192127,""ci_high"":0.23100354,""win_rate"":0.69230769}},""value"":0.06835225},{""row"":2,""col"":1,""kind"":""eligible"",""pair"":{""id"":""pair-d3c8a8f59c66b34c"",""teamId"":""oe:team:f4b807048502e27f01499f06b235a9a"",""teamName"":""Crvena zvezda Esports"",""playerAId"":""oe:player:6bc01a5be22b28e27cf296c2f59eecd"",""playerBId"":""oe:player:e041923a70bcde3b24d608958f8edc8"",""playerA"":""Marrow Ooze"",""playerB"":""Shlatan"",""stats"":{""eligible"":true,""n_games_total"":17.0,""n_games"":12.0,""n_days"":8.0,""mean_impact"":0.12015752,""shrunk_impact"":0.06554047,""ci_low"":-0.06095615,""ci_high"":0.14477738,""win_rate"":0.75}},""value"":0.06554047},{""row"":2,""col"":2,""kind"":""self"",""pair"":null,""value"":null},{""row"":2,""col"":3,""kind"":""eligible"",""pair"":{""id"":""pair-76da502589465036"",""teamId"":""oe:team:f4b807048502e27f01499f06b235a9a"",""teamName"":""Crvena zvezda Esports"",""playerAId"":""oe:player:5c58c2e986e8aec0ee6f2465823349a"",""playerBId"":""oe:player:6bc01a5be22b28e27cf296c2f59eecd"",""playerA"":""GOLDENTO4ST"",""playerB"":""Marrow Ooze"",""stats"":{""eligible"":true,""n_games_total"":20.0,""n_games"":13.0,""n_days"":9.0,""mean_impact"":-0.08950075,""shrunk_impact"":-0.05058738,""ci_low"":-0.16215258,""ci_high"":0.0614686,""win_rate"":0.69230769}},""value"":-0.05058738},{""row"":2,""col"":4,""kind"":""eligible"",""pair"":{""id"":""pair-ef3fa698e4d5ab52"",""teamId"":""oe:team:f4b807048502e27f01499f06b235a9a"",""teamName"":""Crvena zvezda Esports"",""playerAId"":""oe:player:6bc01a5be22b28e27cf296c2f59eecd"",""playerBId"":""oe:player:85b3b3e91202ccada9f1f5a24dc1bfb"",""playerA"":""Marrow Ooze"",""playerB"":""Cl0x"",""stats"":{""eligible"":true,""n_games_total"":20.0,""n_games"":13.0,""n_days"":9.0,""mean_impact"":-0.2028678,""shrunk_impact"":-0.11466441,""ci_low"":-0.29471446,""ci_high"":0.01625959,""win_rate"":0.69230769}},""value"":-0.11466441},{""row"":3,""col"":0,""kind"":""eligible"",""pair"":{""id"":""pair-f46f5c3578bd736b"",""teamId"":""oe:team:f4b807048502e27f01499f06b235a9a"",""teamName"":""Crvena zvezda Esports"",""playerAId"":""oe:player:5c58c2e986e8aec0ee6f2465823349a"",""playerBId"":""oe:player:d8a389075cec97fa2685ff19c589ab4"",""playerA"":""GOLDENTO4ST"",""playerB"":""Quinncidence"",""stats"":{""eligible"":true,""n_games_total"":20.0,""n_games"":13.0,""n_days"":9.0,""mean_impact"":0.17931319,""shrunk_impact"":0.10135093,""ci_low"":-0.09012271,""ci_high"":0.31667373,""win_rate"":0.69230769}},""value"":0.10135093},{""row"":3,""col"":1,""kind"":""eligible"",""pair"":{""id"":""pair-1fdb443c1b3be43e"",""teamId"":""oe:team:f4b807048502e27f01499f06b235a9a"",""teamName"":""Crvena zvezda Esports"",""playerAId"":""oe:player:5c58c2e986e8aec0ee6f2465823349a"",""playerBId"":""oe:player:e041923a70bcde3b24d608958f8edc8"",""playerA"":""GOLDENTO4ST"",""playerB"":""Shlatan"",""stats"":{""eligible"":true,""n_games_total"":17.0,""n_games"":12.0,""n_days"":8.0,""mean_impact"":0.19035381,""shrunk_impact"":0.10382935,""ci_low"":0.04437083,""ci_high"":0.16852827,""win_rate"":0.75}},""value"":0.10382935},{""row"":3,""col"":2,""kind"":""eligible"",""pair"":{""id"":""pair-76da502589465036"",""teamId"":""oe:team:f4b807048502e27f01499f06b235a9a"",""teamName"":""Crvena zvezda Esports"",""playerAId"":""oe:player:5c58c2e986e8aec0ee6f2465823349a"",""playerBId"":""oe:player:6bc01a5be22b28e27cf296c2f59eecd"",""playerA"":""GOLDENTO4ST"",""playerB"":""Marrow Ooze"",""stats"":{""eligible"":true,""n_games_total"":20.0,""n_games"":13.0,""n_days"":9.0,""mean_impact"":-0.08950075,""shrunk_impact"":-0.05058738,""ci_low"":-0.16215258,""ci_high"":0.0614686,""win_rate"":0.69230769}},""value"":-0.05058738},{""row"":3,""col"":3,""kind"":""self"",""pair"":null,""value"":null},{""row"":3,""col"":4,""kind"":""eligible"",""pair"":{""id"":""pair-410ece95ee607d26"",""teamId"":""oe:team:f4b807048502e27f01499f06b235a9a"",""teamName"":""Crvena zvezda Esports"",""playerAId"":""oe:player:5c58c2e986e8aec0ee6f2465823349a"",""playerBId"":""oe:player:85b3b3e91202ccada9f1f5a24dc1bfb"",""playerA"":""GOLDENTO4ST"",""playerB"":""Cl0x"",""stats"":{""eligible"":true,""n_games_total"":20.0,""n_games"":13.0,""n_days"":9.0,""mean_impact"":-0.14448551,""shrunk_impact"":-0.08166572,""ci_low"":-0.212762,""ci_high"":0.04275506,""win_rate"":0.69230769}},""value"":-0.08166572},{""row"":4,""col"":0,""kind"":""eligible"",""pair"":{""id"":""pair-60c5776a8299aa29"",""teamId"":""oe:team:f4b807048502e27f01499f06b235a9a"",""teamName"":""Crvena zvezda Esports"",""playerAId"":""oe:player:85b3b3e91202ccada9f1f5a24dc1bfb"",""playerBId"":""oe:player:d8a389075cec97fa2685ff19c589ab4"",""playerA"":""Cl0x"",""playerB"":""Quinncidence"",""stats"":{""eligible"":true,""n_games_total"":20.0,""n_games"":13.0,""n_days"":9.0,""mean_impact"":0.06594614,""shrunk_impact"":0.0372739,""ci_low"":-0.20582586,""ci_high"":0.27743747,""win_rate"":0.69230769}},""value"":0.0372739},{""row"":4,""col"":1,""kind"":""eligible"",""pair"":{""id"":""pair-d6c13c7232dd8b78"",""teamId"":""oe:team:f4b807048502e27f01499f06b235a9a"",""teamName"":""Crvena zvezda Esports"",""playerAId"":""oe:player:85b3b3e91202ccada9f1f5a24dc1bfb"",""playerBId"":""oe:player:e041923a70bcde3b24d608958f8edc8"",""playerA"":""Cl0x"",""playerB"":""Shlatan"",""stats"":{""eligible"":true,""n_games_total"":17.0,""n_games"":12.0,""n_days"":8.0,""mean_impact"":0.09265247,""shrunk_impact"":0.05053771,""ci_low"":-0.10648813,""ci_high"":0.17911628,""win_rate"":0.75}},""value"":0.05053771},{""row"":4,""col"":2,""kind"":""eligible"",""pair"":{""id"":""pair-ef3fa698e4d5ab52"",""teamId"":""oe:team:f4b807048502e27f01499f06b235a9a"",""teamName"":""Crvena zvezda Esports"",""playerAId"":""oe:player:6bc01a5be22b28e27cf296c2f59eecd"",""playerBId"":""oe:player:85b3b3e91202ccada9f1f5a24dc1bfb"",""playerA"":""Marrow Ooze"",""playerB"":""Cl0x"",""stats"":{""eligible"":true,""n_games_total"":20.0,""n_games"":13.0,""n_days"":9.0,""mean_impact"":-0.2028678,""shrunk_impact"":-0.11466441,""ci_low"":-0.29471446,""ci_high"":0.01625959,""win_rate"":0.69230769}},""value"":-0.11466441},{""row"":4,""col"":3,""kind"":""eligible"",""pair"":{""id"":""pair-410ece95ee607d26"",""teamId"":""oe:team:f4b807048502e27f01499f06b235a9a"",""teamName"":""Crvena zvezda Esports"",""playerAId"":""oe:player:5c58c2e986e8aec0ee6f2465823349a"",""playerBId"":""oe:player:85b3b3e91202ccada9f1f5a24dc1bfb"",""playerA"":""GOLDENTO4ST"",""playerB"":""Cl0x"",""stats"":{""eligible"":true,""n_games_total"":20.0,""n_games"":13.0,""n_days"":9.0,""mean_impact"":-0.14448551,""shrunk_impact"":-0.08166572,""ci_low"":-0.212762,""ci_high"":0.04275506,""win_rate"":0.69230769}},""value"":-0.08166572},{""row"":4,""col"":4,""kind"":""self"",""pair"":null,""value"":null}],""limit"":0.24226231,""hasEligiblePair"":true}"
lineup-71ee6bf39f539c43,oe:team:f4b807048502e27f01499f06b235a9a,Crvena zvezda Esports,2019,oe:player:d8a389075cec97fa2685ff19c589ab4,Quinncidence,oe:player:82416dfeed801e2846a7c12a3649ab3,behave,oe:player:6bc01a5be22b28e27cf296c2f59eecd,Marrow Ooze,oe:player:5c58c2e986e8aec0ee6f2465823349a,GOLDENTO4ST,oe:player:85b3b3e91202ccada9f1f5a24dc1bfb,Cl0x,2,0,0,,,,,False,,,,,,,,,,,,,,,,"{""version"":1,""players"":[{""id"":""oe:player:d8a389075cec97fa2685ff19c589ab4"",""name"":""Quinncidence"",""role"":""top""},{""id"":""oe:player:82416dfeed801e2846a7c12a3649ab3"",""name"":""behave"",""role"":""jng""},{""id"":""oe:player:6bc01a5be22b28e27cf296c2f59eecd"",""name"":""Marrow Ooze"",""role"":""mid""},{""id"":""oe:player:5c58c2e986e8aec0ee6f2465823349a"",""name"":""GOLDENTO4ST"",""role"":""bot""},{""id"":""oe:player:85b3b3e91202ccada9f1f5a24dc1bfb"",""name"":""Cl0x"",""role"":""sup""}],""cells"":[{""row"":0,""col"":0,""kind"":""self"",""pair"":null,""value"":null},{""row"":0,""col"":1,""kind"":""missing"",""pair"":{""id"":""pair-e409f61f00b6efd1"",""teamId"":""oe:team:f4b807048502e27f01499f06b235a9a"",""teamName"":""Crvena zvezda Esports"",""playerAId"":""oe:player:82416dfeed801e2846a7c12a3649ab3"",""playerBId"":""oe:player:d8a389075cec97fa2685ff19c589ab4"",""playerA"":""behave"",""playerB"":""Quinncidence"",""stats"":{""eligible"":false,""n_games_total"":2.0,""n_games"":0.0,""n_days"":0.0,""mean_impact"":null,""shrunk_impact"":null,""ci_low"":null,""ci_high"":null,""win_rate"":null}},""value"":null},{""row"":0,""col"":2,""kind"":""eligible"",""pair"":{""id"":""pair-e6a50b2822fb87f2"",""teamId"":""oe:team:f4b807048502e27f01499f06b235a9a"",""teamName"":""Crvena zvezda Esports"",""playerAId"":""oe:player:6bc01a5be22b28e27cf296c2f59eecd"",""playerBId"":""oe:player:d8a389075cec97fa2685ff19c589ab4"",""playerA"":""Marrow Ooze"",""playerB"":""Quinncidence"",""stats"":{""eligible"":true,""n_games_total"":20.0,""n_games"":13.0,""n_days"":9.0,""mean_impact"":0.1209309,""shrunk_impact"":0.06835225,""ci_low"":-0.1192127,""ci_high"":0.23100354,""win_rate"":0.69230769}},""value"":0.06835225},{""row"":0,""col"":3,""kind"":""eligible"",""pair"":{""id"":""pair-f46f5c3578bd736b"",""teamId"":""oe:team:f4b807048502e27f01499f06b235a9a"",""teamName"":""Crvena zvezda Esports"",""playerAId"":""oe:player:5c58c2e986e8aec0ee6f2465823349a"",""playerBId"":""oe:player:d8a389075cec97fa2685ff19c589ab4"",""playerA"":""GOLDENTO4ST"",""playerB"":""Quinncidence"",""stats"":{""eligible"":true,""n_games_total"":20.0,""n_games"":13.0,""n_days"":9.0,""mean_impact"":0.17931319,""shrunk_impact"":0.10135093,""ci_low"":-0.09012271,""ci_high"":0.31667373,""win_rate"":0.69230769}},""value"":0.10135093},{""row"":0,""col"":4,""kind"":""eligible"",""pair"":{""id"":""pair-60c5776a8299aa29"",""teamId"":""oe:team:f4b807048502e27f01499f06b235a9a"",""teamName"":""Crvena zvezda Esports"",""playerAId"":""oe:player:85b3b3e91202ccada9f1f5a24dc1bfb"",""playerBId"":""oe:player:d8a389075cec97fa2685ff19c589ab4"",""playerA"":""Cl0x"",""playerB"":""Quinncidence"",""stats"":{""eligible"":true,""n_games_total"":20.0,""n_games"":13.0,""n_days"":9.0,""mean_impact"":0.06594614,""shrunk_impact"":0.0372739,""ci_low"":-0.20582586,""ci_high"":0.27743747,""win_rate"":0.69230769}},""value"":0.0372739},{""row"":1,""col"":0,""kind"":""missing"",""pair"":{""id"":""pair-e409f61f00b6efd1"",""teamId"":""oe:team:f4b807048502e27f01499f06b235a9a"",""teamName"":""Crvena zvezda Esports"",""playerAId"":""oe:player:82416dfeed801e2846a7c12a3649ab3"",""playerBId"":""oe:player:d8a389075cec97fa2685ff19c589ab4"",""playerA"":""behave"",""playerB"":""Quinncidence"",""stats"":{""eligible"":false,""n_games_total"":2.0,""n_games"":0.0,""n_days"":0.0,""mean_impact"":null,""shrunk_impact"":null,""ci_low"":null,""ci_high"":null,""win_rate"":null}},""value"":null},{""row"":1,""col"":1,""kind"":""self"",""pair"":null,""value"":null},{""row"":1,""col"":2,""kind"":""missing"",""pair"":{""id"":""pair-6814cbfe099e37fa"",""teamId"":""oe:team:f4b807048502e27f01499f06b235a9a"",""teamName"":""Crvena zvezda Esports"",""playerAId"":""oe:player:6bc01a5be22b28e27cf296c2f59eecd"",""playerBId"":""oe:player:82416dfeed801e2846a7c12a3649ab3"",""playerA"":""Marrow Ooze"",""playerB"":""behave"",""stats"":{""eligible"":false,""n_games_total"":2.0,""n_games"":0.0,""n_days"":0.0,""mean_impact"":null,""shrunk_impact"":null,""ci_low"":null,""ci_high"":null,""win_rate"":null}},""value"":null},{""row"":1,""col"":3,""kind"":""missing"",""pair"":{""id"":""pair-f9b45922b0b17471"",""teamId"":""oe:team:f4b807048502e27f01499f06b235a9a"",""teamName"":""Crvena zvezda Esports"",""playerAId"":""oe:player:5c58c2e986e8aec0ee6f2465823349a"",""playerBId"":""oe:player:82416dfeed801e2846a7c12a3649ab3"",""playerA"":""GOLDENTO4ST"",""playerB"":""behave"",""stats"":{""eligible"":false,""n_games_total"":2.0,""n_games"":0.0,""n_days"":0.0,""mean_impact"":null,""shrunk_impact"":null,""ci_low"":null,""ci_high"":null,""win_rate"":null}},""value"":null},{""row"":1,""col"":4,""kind"":""missing"",""pair"":{""id"":""pair-427784ea99bcb103"",""teamId"":""oe:team:f4b807048502e27f01499f06b235a9a"",""teamName"":""Crvena zvezda Esports"",""playerAId"":""oe:player:82416dfeed801e2846a7c12a3649ab3"",""playerBId"":""oe:player:85b3b3e91202ccada9f1f5a24dc1bfb"",""playerA"":""behave"",""playerB"":""Cl0x"",""stats"":{""eligible"":false,""n_games_total"":2.0,""n_games"":0.0,""n_days"":0.0,""mean_impact"":null,""shrunk_impact"":null,""ci_low"":null,""ci_high"":null,""win_rate"":null}},""value"":null},{""row"":2,""col"":0,""kind"":""eligible"",""pair"":{""id"":""pair-e6a50b2822fb87f2"",""teamId"":""oe:team:f4b807048502e27f01499f06b235a9a"",""teamName"":""Crvena zvezda Esports"",""playerAId"":""oe:player:6bc01a5be22b28e27cf296c2f59eecd"",""playerBId"":""oe:player:d8a389075cec97fa2685ff19c589ab4"",""playerA"":""Marrow Ooze"",""playerB"":""Quinncidence"",""stats"":{""eligible"":true,""n_games_total"":20.0,""n_games"":13.0,""n_days"":9.0,""mean_impact"":0.1209309,""shrunk_impact"":0.06835225,""ci_low"":-0.1192127,""ci_high"":0.23100354,""win_rate"":0.69230769}},""value"":0.06835225},{""row"":2,""col"":1,""kind"":""missing"",""pair"":{""id"":""pair-6814cbfe099e37fa"",""teamId"":""oe:team:f4b807048502e27f01499f06b235a9a"",""teamName"":""Crvena zvezda Esports"",""playerAId"":""oe:player:6bc01a5be22b28e27cf296c2f59eecd"",""playerBId"":""oe:player:82416dfeed801e2846a7c12a3649ab3"",""playerA"":""Marrow Ooze"",""playerB"":""behave"",""stats"":{""eligible"":false,""n_games_total"":2.0,""n_games"":0.0,""n_days"":0.0,""mean_impact"":null,""shrunk_impact"":null,""ci_low"":null,""ci_high"":null,""win_rate"":null}},""value"":null},{""row"":2,""col"":2,""kind"":""self"",""pair"":null,""value"":null},{""row"":2,""col"":3,""kind"":""eligible"",""pair"":{""id"":""pair-76da502589465036"",""teamId"":""oe:team:f4b807048502e27f01499f06b235a9a"",""teamName"":""Crvena zvezda Esports"",""playerAId"":""oe:player:5c58c2e986e8aec0ee6f2465823349a"",""playerBId"":""oe:player:6bc01a5be22b28e27cf296c2f59eecd"",""playerA"":""GOLDENTO4ST"",""playerB"":""Marrow Ooze"",""stats"":{""eligible"":true,""n_games_total"":20.0,""n_games"":13.0,""n_days"":9.0,""mean_impact"":-0.08950075,""shrunk_impact"":-0.05058738,""ci_low"":-0.16215258,""ci_high"":0.0614686,""win_rate"":0.69230769}},""value"":-0.05058738},{""row"":2,""col"":4,""kind"":""eligible"",""pair"":{""id"":""pair-ef3fa698e4d5ab52"",""teamId"":""oe:team:f4b807048502e27f01499f06b235a9a"",""teamName"":""Crvena zvezda Esports"",""playerAId"":""oe:player:6bc01a5be22b28e27cf296c2f59eecd"",""playerBId"":""oe:player:85b3b3e91202ccada9f1f5a24dc1bfb"",""playerA"":""Marrow Ooze"",""playerB"":""Cl0x"",""stats"":{""eligible"":true,""n_games_total"":20.0,""n_games"":13.0,""n_days"":9.0,""mean_impact"":-0.2028678,""shrunk_impact"":-0.11466441,""ci_low"":-0.29471446,""ci_high"":0.01625959,""win_rate"":0.69230769}},""value"":-0.11466441},{""row"":3,""col"":0,""kind"":""eligible"",""pair"":{""id"":""pair-f46f5c3578bd736b"",""teamId"":""oe:team:f4b807048502e27f01499f06b235a9a"",""teamName"":""Crvena zvezda Esports"",""playerAId"":""oe:player:5c58c2e986e8aec0ee6f2465823349a"",""playerBId"":""oe:player:d8a389075cec97fa2685ff19c589ab4"",""playerA"":""GOLDENTO4ST"",""playerB"":""Quinncidence"",""stats"":{""eligible"":true,""n_games_total"":20.0,""n_games"":13.0,""n_days"":9.0,""mean_impact"":0.17931319,""shrunk_impact"":0.10135093,""ci_low"":-0.09012271,""ci_high"":0.31667373,""win_rate"":0.69230769}},""value"":0.10135093},{""row"":3,""col"":1,""kind"":""missing"",""pair"":{""id"":""pair-f9b45922b0b17471"",""teamId"":""oe:team:f4b807048502e27f01499f06b235a9a"",""teamName"":""Crvena zvezda Esports"",""playerAId"":""oe:player:5c58c2e986e8aec0ee6f2465823349a"",""playerBId"":""oe:player:82416dfeed801e2846a7c12a3649ab3"",""playerA"":""GOLDENTO4ST"",""playerB"":""behave"",""stats"":{""eligible"":false,""n_games_total"":2.0,""n_games"":0.0,""n_days"":0.0,""mean_impact"":null,""shrunk_impact"":null,""ci_low"":null,""ci_high"":null,""win_rate"":null}},""value"":null},{""row"":3,""col"":2,""kind"":""eligible"",""pair"":{""id"":""pair-76da502589465036"",""teamId"":""oe:team:f4b807048502e27f01499f06b235a9a"",""teamName"":""Crvena zvezda Esports"",""playerAId"":""oe:player:5c58c2e986e8aec0ee6f2465823349a"",""playerBId"":""oe:player:6bc01a5be22b28e27cf296c2f59eecd"",""playerA"":""GOLDENTO4ST"",""playerB"":""Marrow Ooze"",""stats"":{""eligible"":true,""n_games_total"":20.0,""n_games"":13.0,""n_days"":9.0,""mean_impact"":-0.08950075,""shrunk_impact"":-0.05058738,""ci_low"":-0.16215258,""ci_high"":0.0614686,""win_rate"":0.69230769}},""value"":-0.05058738},{""row"":3,""col"":3,""kind"":""self"",""pair"":null,""value"":null},{""row"":3,""col"":4,""kind"":""eligible"",""pair"":{""id"":""pair-410ece95ee607d26"",""teamId"":""oe:team:f4b807048502e27f01499f06b235a9a"",""teamName"":""Crvena zvezda Esports"",""playerAId"":""oe:player:5c58c2e986e8aec0ee6f2465823349a"",""playerBId"":""oe:player:85b3b3e91202ccada9f1f5a24dc1bfb"",""playerA"":""GOLDENTO4ST"",""playerB"":""Cl0x"",""stats"":{""eligible"":true,""n_games_total"":20.0,""n_games"":13.0,""n_days"":9.0,""mean_impact"":-0.14448551,""shrunk_impact"":-0.08166572,""ci_low"":-0.212762,""ci_high"":0.04275506,""win_rate"":0.69230769}},""value"":-0.08166572},{""row"":4,""col"":0,""kind"":""eligible"",""pair"":{""id"":""pair-60c5776a8299aa29"",""teamId"":""oe:team:f4b807048502e27f01499f06b235a9a"",""teamName"":""Crvena zvezda Esports"",""playerAId"":""oe:player:85b3b3e91202ccada9f1f5a24dc1bfb"",""playerBId"":""oe:player:d8a389075cec97fa2685ff19c589ab4"",""playerA"":""Cl0x"",""playerB"":""Quinncidence"",""stats"":{""eligible"":true,""n_games_total"":20.0,""n_games"":13.0,""n_days"":9.0,""mean_impact"":0.06594614,""shrunk_impact"":0.0372739,""ci_low"":-0.20582586,""ci_high"":0.27743747,""win_rate"":0.69230769}},""value"":0.0372739},{""row"":4,""col"":1,""kind"":""missing"",""pair"":{""id"":""pair-427784ea99bcb103"",""teamId"":""oe:team:f4b807048502e27f01499f06b235a9a"",""teamName"":""Crvena zvezda Esports"",""playerAId"":""oe:player:82416dfeed801e2846a7c12a3649ab3"",""playerBId"":""oe:player:85b3b3e91202ccada9f1f5a24dc1bfb"",""playerA"":""behave"",""playerB"":""Cl0x"",""stats"":{""eligible"":false,""n_games_total"":2.0,""n_games"":0.0,""n_days"":0.0,""mean_impact"":null,""shrunk_impact"":null,""ci_low"":null,""ci_high"":null,""win_rate"":null}},""value"":null},{""row"":4,""col"":2,""kind"":""eligible"",""pair"":{""id"":""pair-ef3fa698e4d5ab52"",""teamId"":""oe:team:f4b807048502e27f01499f06b235a9a"",""teamName"":""Crvena zvezda Esports"",""playerAId"":""oe:player:6bc01a5be22b28e27cf296c2f59eecd"",""playerBId"":""oe:player:85b3b3e91202ccada9f1f5a24dc1bfb"",""playerA"":""Marrow Ooze"",""playerB"":""Cl0x"",""stats"":{""eligible"":true,""n_games_total"":20.0,""n_games"":13.0,""n_days"":9.0,""mean_impact"":-0.2028678,""shrunk_impact"":-0.11466441,""ci_low"":-0.29471446,""ci_high"":0.01625959,""win_rate"":0.69230769}},""value"":-0.11466441},{""row"":4,""col"":3,""kind"":""eligible"",""pair"":{""id"":""pair-410ece95ee607d26"",""teamId"":""oe:team:f4b807048502e27f01499f06b235a9a"",""teamName"":""Crvena zvezda Esports"",""playerAId"":""oe:player:5c58c2e986e8aec0ee6f2465823349a"",""playerBId"":""oe:player:85b3b3e91202ccada9f1f5a24dc1bfb"",""playerA"":""GOLDENTO4ST"",""playerB"":""Cl0x"",""stats"":{""eligible"":true,""n_games_total"":20.0,""n_games"":13.0,""n_days"":9.0,""mean_impact"":-0.14448551,""shrunk_impact"":-0.08166572,""ci_low"":-0.212762,""ci_high"":0.04275506,""win_rate"":0.69230769}},""value"":-0.08166572},{""row"":4,""col"":4,""kind"":""self"",""pair"":null,""value"":null}],""limit"":0.15,""hasEligiblePair"":true}"
lineup-782b8ef920129b89,oe:team:8876fffa2a609c6e4cfddfbbaedc2dd,ASUS ROG ELITE,2019,oe:player:612c010848443101a415c58d1e0068c,Bruno,oe:player:466d302713c8abd2346b8f1e6ec6234,DoubleAiM,oe:player:cdcb26731b01eb862d6e0ba8fec6deb,Lukezy,oe:player:e2524bbf2be8fd33f9a40cea68c7097,Nemky,oe:player:86dbd2fb95030a3ed1efee6808eb125,LIMIT,19,12,8,-0.22810787,-0.12442247,-0.39277804,0.01368992,True,0.58333333,377.07062075,1.26365922,0.20629980,0.23308524,0.21026672,0.24920938,0.19606159,0.20560353,0.22022730,0.25980811,0.23248487,0.20069670,0.14095952,0.08468227,"{""version"":1,""players"":[{""id"":""oe:player:612c010848443101a415c58d1e0068c"",""name"":""Bruno"",""role"":""top""},{""id"":""oe:player:466d302713c8abd2346b8f1e6ec6234"",""name"":""DoubleAiM"",""role"":""jng""},{""id"":""oe:player:cdcb26731b01eb862d6e0ba8fec6deb"",""name"":""Lukezy"",""role"":""mid""},{""id"":""oe:player:e2524bbf2be8fd33f9a40cea68c7097"",""name"":""Nemky"",""role"":""bot""},{""id"":""oe:player:86dbd2fb95030a3ed1efee6808eb125"",""name"":""LIMIT"",""role"":""sup""}],""cells"":[{""row"":0,""col"":0,""kind"":""self"",""pair"":null,""value"":null},{""row"":0,""col"":1,""kind"":""eligible"",""pair"":{""id"":""pair-8fdfe8d6760ddf88"",""teamId"":""oe:team:8876fffa2a609c6e4cfddfbbaedc2dd"",""teamName"":""ASUS ROG ELITE"",""playerAId"":""oe:player:466d302713c8abd2346b8f1e6ec6234"",""playerBId"":""oe:player:612c010848443101a415c58d1e0068c"",""playerA"":""DoubleAiM"",""playerB"":""Bruno"",""stats"":{""eligible"":true,""n_games_total"":19.0,""n_games"":12.0,""n_days"":8.0,""mean_impact"":0.2433534,""shrunk_impact"":0.13273822,""ci_low"":-0.1453895,""ci_high"":0.31673457,""win_rate"":0.58333333}},""value"":0.13273822},{""row"":0,""col"":2,""kind"":""eligible"",""pair"":{""id"":""pair-a60eb5499eb427dc"",""teamId"":""oe:team:8876fffa2a609c6e4cfddfbbaedc2dd"",""teamName"":""ASUS ROG ELITE"",""playerAId"":""oe:player:612c010848443101a415c58d1e0068c"",""playerBId"":""oe:player:cdcb26731b01eb862d6e0ba8fec6deb"",""playerA"":""Bruno"",""playerB"":""Lukezy"",""stats"":{""eligible"":true,""n_games_total"":19.0,""n_games"":12.0,""n_days"":8.0,""mean_impact"":0.14175005,""shrunk_impact"":0.07731821,""ci_low"":-0.15234402,""ci_high"":0.28560222,""win_rate"":0.58333333}},""value"":0.07731821},{""row"":0,""col"":3,""kind"":""eligible"",""pair"":{""id"":""pair-7bd1c2f444b3c917"",""teamId"":""oe:team:8876fffa2a609c6e4cfddfbbaedc2dd"",""teamName"":""ASUS ROG ELITE"",""playerAId"":""oe:player:612c010848443101a415c58d1e0068c"",""playerBId"":""oe:player:e2524bbf2be8fd33f9a40cea68c7097"",""playerA"":""Bruno"",""playerB"":""Nemky"",""stats"":{""eligible"":true,""n_games_total"":19.0,""n_games"":12.0,""n_days"":8.0,""mean_impact"":-0.12805774,""shrunk_impact"":-0.06984968,""ci_low"":-0.39007778,""ci_high"":0.12691524,""win_rate"":0.58333333}},""value"":-0.06984968},{""row"":0,""col"":4,""kind"":""eligible"",""pair"":{""id"":""pair-e4bb4c48e8a322a9"",""teamId"":""oe:team:8876fffa2a609c6e4cfddfbbaedc2dd"",""teamName"":""ASUS ROG ELITE"",""playerAId"":""oe:player:612c010848443101a415c58d1e0068c"",""playerBId"":""oe:player:86dbd2fb95030a3ed1efee6808eb125"",""playerA"":""Bruno"",""playerB"":""LIMIT"",""stats"":{""eligible"":true,""n_games_total"":19.0,""n_games"":12.0,""n_days"":8.0,""mean_impact"":-0.30916024,""shrunk_impact"":-0.16863286,""ci_low"":-0.54958546,""ci_high"":0.02268635,""win_rate"":0.58333333}},""value"":-0.16863286},{""row"":1,""col"":0,""kind"":""eligible"",""pair"":{""id"":""pair-8fdfe8d6760ddf88"",""teamId"":""oe:team:8876fffa2a609c6e4cfddfbbaedc2dd"",""teamName"":""ASUS ROG ELITE"",""playerAId"":""oe:player:466d302713c8abd2346b8f1e6ec6234"",""playerBId"":""oe:player:612c010848443101a415c58d1e0068c"",""playerA"":""DoubleAiM"",""playerB"":""Bruno"",""stats"":{""eligible"":true,""n_games_total"":19.0,""n_games"":12.0,""n_days"":8.0,""mean_impact"":0.2433534,""shrunk_impact"":0.13273822,""ci_low"":-0.1453895,""ci_high"":0.31673457,""win_rate"":0.58333333}},""value"":0.13273822},{""row"":1,""col"":1,""kind"":""self"",""pair"":null,""value"":null},{""row"":1,""col"":2,""kind"":""eligible"",""pair"":{""id"":""pair-0b79b2264221b5cb"",""teamId"":""oe:team:8876fffa2a609c6e4cfddfbbaedc2dd"",""teamName"":""ASUS ROG ELITE"",""playerAId"":""oe:player:466d302713c8abd2346b8f1e6ec6234"",""playerBId"":""oe:player:cdcb26731b01eb862d6e0ba8fec6deb"",""playerA"":""DoubleAiM"",""playerB"":""Lukezy"",""stats"":{""eligible"":true,""n_games_total"":19.0,""n_games"":12.0,""n_days"":8.0,""mean_impact"":0.03966669,""shrunk_impact"":0.02163637,""ci_low"":-0.19051176,""ci_high"":0.15954343,""win_rate"":0.58333333}},""value"":0.02163637},{""row"":1,""col"":3,""kind"":""eligible"",""pair"":{""id"":""pair-96ca3e8a7e3d9c3e"",""teamId"":""oe:team:8876fffa2a609c6e4cfddfbbaedc2dd"",""teamName"":""ASUS ROG ELITE"",""playerAId"":""oe:player:466d302713c8abd2346b8f1e6ec6234"",""playerBId"":""oe:player:e2524bbf2be8fd33f9a40cea68c7097"",""playerA"":""DoubleAiM"",""playerB"":""Nemky"",""stats"":{""eligible"":true,""n_games_total"":19.0,""n_games"":12.0,""n_days"":8.0,""mean_impact"":-0.2301411,""shrunk_impact"":-0.12553151,""ci_low"":-0.390393,""ci_high"":-0.00338698,""win_rate"":0.58333333}},""value"":-0.12553151},{""row"":1,""col"":4,""kind"":""eligible"",""pair"":{""id"":""pair-b3e0a497e37f15bf"",""teamId"":""oe:team:8876fffa2a609c6e4cfddfbbaedc2dd"",""teamName"":""ASUS ROG ELITE"",""playerAId"":""oe:player:466d302713c8abd2346b8f1e6ec6234"",""playerBId"":""oe:player:86dbd2fb95030a3ed1efee6808eb125"",""playerA"":""DoubleAiM"",""playerB"":""LIMIT"",""stats"":{""eligible"":true,""n_games_total"":19.0,""n_games"":12.0,""n_days"":8.0,""mean_impact"":-0.4112436,""shrunk_impact"":-0.22431469,""ci_low"":-0.58959585,""ci_high"":-0.06158883,""win_rate"":0.58333333}},""value"":-0.22431469},{""row"":2,""col"":0,""kind"":""eligible"",""pair"":{""id"":""pair-a60eb5499eb427dc"",""teamId"":""oe:team:8876fffa2a609c6e4cfddfbbaedc2dd"",""teamName"":""ASUS ROG ELITE"",""playerAId"":""oe:player:612c010848443101a415c58d1e0068c"",""playerBId"":""oe:player:cdcb26731b01eb862d6e0ba8fec6deb"",""playerA"":""Bruno"",""playerB"":""Lukezy"",""stats"":{""eligible"":true,""n_games_total"":19.0,""n_games"":12.0,""n_days"":8.0,""mean_impact"":0.14175005,""shrunk_impact"":0.07731821,""ci_low"":-0.15234402,""ci_high"":0.28560222,""win_rate"":0.58333333}},""value"":0.07731821},{""row"":2,""col"":1,""kind"":""eligible"",""pair"":{""id"":""pair-0b79b2264221b5cb"",""teamId"":""oe:team:8876fffa2a609c6e4cfddfbbaedc2dd"",""teamName"":""ASUS ROG ELITE"",""playerAId"":""oe:player:466d302713c8abd2346b8f1e6ec6234"",""playerBId"":""oe:player:cdcb26731b01eb862d6e0ba8fec6deb"",""playerA"":""DoubleAiM"",""playerB"":""Lukezy"",""stats"":{""eligible"":true,""n_games_total"":19.0,""n_games"":12.0,""n_days"":8.0,""mean_impact"":0.03966669,""shrunk_impact"":0.02163637,""ci_low"":-0.19051176,""ci_high"":0.15954343,""win_rate"":0.58333333}},""value"":0.02163637},{""row"":2,""col"":2,""kind"":""self"",""pair"":null,""value"":null},{""row"":2,""col"":3,""kind"":""eligible"",""pair"":{""id"":""pair-de7f24ff55b96cd1"",""teamId"":""oe:team:8876fffa2a609c6e4cfddfbbaedc2dd"",""teamName"":""ASUS ROG ELITE"",""playerAId"":""oe:player:cdcb26731b01eb862d6e0ba8fec6deb"",""playerBId"":""oe:player:e2524bbf2be8fd33f9a40cea68c7097"",""playerA"":""Lukezy"",""playerB"":""Nemky"",""stats"":{""eligible"":true,""n_games_total"":19.0,""n_games"":12.0,""n_days"":8.0,""mean_impact"":-0.33174445,""shrunk_impact"":-0.18095152,""ci_low"":-0.45497598,""ci_high"":-0.01308261,""win_rate"":0.58333333}},""value"":-0.18095152},{""row"":2,""col"":4,""kind"":""eligible"",""pair"":{""id"":""pair-05b7364469a92b1c"",""teamId"":""oe:team:8876fffa2a609c6e4cfddfbbaedc2dd"",""teamName"":""ASUS ROG ELITE"",""playerAId"":""oe:player:86dbd2fb95030a3ed1efee6808eb125"",""playerBId"":""oe:player:cdcb26731b01eb862d6e0ba8fec6deb"",""playerA"":""LIMIT"",""playerB"":""Lukezy"",""stats"":{""eligible"":true,""n_games_total"":19.0,""n_games"":12.0,""n_days"":8.0,""mean_impact"":-0.51284695,""shrunk_impact"":-0.2797347,""ci_low"":-0.63543959,""ci_high"":-0.09547126,""win_rate"":0.58333333}},""value"":-0.2797347},{""row"":3,""col"":0,""kind"":""eligible"",""pair"":{""id"":""pair-7bd1c2f444b3c917"",""teamId"":""oe:team:8876fffa2a609c6e4cfddfbbaedc2dd"",""teamName"":""ASUS ROG ELITE"",""playerAId"":""oe:player:612c010848443101a415c58d1e0068c"",""playerBId"":""oe:player:e2524bbf2be8fd33f9a40cea68c7097"",""playerA"":""Bruno"",""playerB"":""Nemky"",""stats"":{""eligible"":true,""n_games_total"":19.0,""n_games"":12.0,""n_days"":8.0,""mean_impact"":-0.12805774,""shrunk_impact"":-0.06984968,""ci_low"":-0.39007778,""ci_high"":0.12691524,""win_rate"":0.58333333}},""value"":-0.06984968},{""row"":3,""col"":1,""kind"":""eligible"",""pair"":{""id"":""pair-96ca3e8a7e3d9c3e"",""teamId"":""oe:team:8876fffa2a609c6e4cfddfbbaedc2dd"",""teamName"":""ASUS ROG ELITE"",""playerAId"":""oe:player:466d302713c8abd2346b8f1e6ec6234"",""playerBId"":""oe:player:e2524bbf2be8fd33f9a40cea68c7097"",""playerA"":""DoubleAiM"",""playerB"":""Nemky"",""stats"":{""eligible"":true,""n_games_total"":19.0,""n_games"":12.0,""n_days"":8.0,""mean_impact"":-0.2301411,""shrunk_impact"":-0.12553151,""ci_low"":-0.390393,""ci_high"":-0.00338698,""win_rate"":0.58333333}},""value"":-0.12553151},{""row"":3,""col"":2,""kind"":""eligible"",""pair"":{""id"":""pair-de7f24ff55b96cd1"",""teamId"":""oe:team:8876fffa2a609c6e4cfddfbbaedc2dd"",""teamName"":""ASUS ROG ELITE"",""playerAId"":""oe:player:cdcb26731b01eb862d6e0ba8fec6deb"",""playerBId"":""oe:player:e2524bbf2be8fd33f9a40cea68c7097"",""playerA"":""Lukezy"",""playerB"":""Nemky"",""stats"":{""eligible"":true,""n_games_total"":19.0,""n_games"":12.0,""n_days"":8.0,""mean_impact"":-0.33174445,""shrunk_impact"":-0.18095152,""ci_low"":-0.45497598,""ci_high"":-0.01308261,""win_rate"":0.58333333}},""value"":-0.18095152},{""row"":3,""col"":3,""kind"":""self"",""pair"":null,""value"":null},{""row"":3,""col"":4,""kind"":""eligible"",""pair"":{""id"":""pair-b7a2f8c136fe758a"",""teamId"":""oe:team:8876fffa2a609c6e4cfddfbbaedc2dd"",""teamName"":""ASUS ROG ELITE"",""playerAId"":""oe:player:86dbd2fb95030a3ed1efee6808eb125"",""playerBId"":""oe:player:e2524bbf2be8fd33f9a40cea68c7097"",""playerA"":""LIMIT"",""playerB"":""Nemky"",""stats"":{""eligible"":true,""n_games_total"":19.0,""n_games"":12.0,""n_days"":8.0,""mean_impact"":-0.78265474,""shrunk_impact"":-0.42690258,""ci_low"":-0.84751595,""ci_high"":-0.19800446,""win_rate"":0.58333333}},""value"":-0.42690258},{""row"":4,""col"":0,""kind"":""eligible"",""pair"":{""id"":""pair-e4bb4c48e8a322a9"",""teamId"":""oe:team:8876fffa2a609c6e4cfddfbbaedc2dd"",""teamName"":""ASUS ROG ELITE"",""playerAId"":""oe:player:612c010848443101a415c58d1e0068c"",""playerBId"":""oe:player:86dbd2fb95030a3ed1efee6808eb125"",""playerA"":""Bruno"",""playerB"":""LIMIT"",""stats"":{""eligible"":true,""n_games_total"":19.0,""n_games"":12.0,""n_days"":8.0,""mean_impact"":-0.30916024,""shrunk_impact"":-0.16863286,""ci_low"":-0.54958546,""ci_high"":0.02268635,""win_rate"":0.58333333}},""value"":-0.16863286},{""row"":4,""col"":1,""kind"":""eligible"",""pair"":{""id"":""pair-b3e0a497e37f15bf"",""teamId"":""oe:team:8876fffa2a609c6e4cfddfbbaedc2dd"",""teamName"":""ASUS ROG ELITE"",""playerAId"":""oe:player:466d302713c8abd2346b8f1e6ec6234"",""playerBId"":""oe:player:86dbd2fb95030a3ed1efee6808eb125"",""playerA"":""DoubleAiM"",""playerB"":""LIMIT"",""stats"":{""eligible"":true,""n_games_total"":19.0,""n_games"":12.0,""n_days"":8.0,""mean_impact"":-0.4112436,""shrunk_impact"":-0.22431469,""ci_low"":-0.58959585,""ci_high"":-0.06158883,""win_rate"":0.58333333}},""value"":-0.22431469},{""row"":4,""col"":2,""kind"":""eligible"",""pair"":{""id"":""pair-05b7364469a92b1c"",""teamId"":""oe:team:8876fffa2a609c6e4cfddfbbaedc2dd"",""teamName"":""ASUS ROG ELITE"",""playerAId"":""oe:player:86dbd2fb95030a3ed1efee6808eb125"",""playerBId"":""oe:player:cdcb26731b01eb862d6e0ba8fec6deb"",""playerA"":""LIMIT"",""playerB"":""Lukezy"",""stats"":{""eligible"":true,""n_games_total"":19.0,""n_games"":12.0,""n_days"":8.0,""mean_impact"":-0.51284695,""shrunk_impact"":-0.2797347,""ci_low"":-0.63543959,""ci_high"":-0.09547126,""win_rate"":0.58333333}},""value"":-0.2797347},{""row"":4,""col"":3,""kind"":""eligible"",""pair"":{""id"":""pair-b7a2f8c136fe758a"",""teamId"":""oe:team:8876fffa2a609c6e4cfddfbbaedc2dd"",""teamName"":""ASUS ROG ELITE"",""playerAId"":""oe:player:86dbd2fb95030a3ed1efee6808eb125"",""playerBId"":""oe:player:e2524bbf2be8fd33f9a40cea68c7097"",""playerA"":""LIMIT"",""playerB"":""Nemky"",""stats"":{""eligible"":true,""n_games_total"":19.0,""n_games"":12.0,""n_days"":8.0,""mean_impact"":-0.78265474,""shrunk_impact"":-0.42690258,""ci_low"":-0.84751595,""ci_high"":-0.19800446,""win_rate"":0.58333333}},""value"":-0.42690258},{""row"":4,""col"":4,""kind"":""self"",""pair"":null,""value"":null}],""limit"":0.42690258,""hasEligiblePair"":true}"
lineup-7c8873b74b93ebc7,oe:team:3921fffdab4f130255658ea322e1ab6,x25 Esports,2019,oe:player:84ffdf6566c6585114da1ccd9b6a3e3,Jocke,oe:player:5ee6f2e1b3c6000a67c9dc360a63c63,twohoyrz,oe:player:dbe75751981b890185b008df9b6542e,Patkica,oe:player:5c58c2e986e8aec0ee6f2465823349a,GOLDENTO4ST,oe:player:85b3b3e91202ccada9f1f5a24dc1bfb,Cl0x,1,1,1,0.35909099,0.03264464,,,False,0.00000000,406.13617021,1.20638298,0.21298391,0.25149758,0.16370152,0.10353932,0.20226661,0.14070849,0.22864367,0.23880996,0.27626792,0.38162444,0.12912028,0.13531778,"{""version"":1,""players"":[{""id"":""oe:player:84ffdf6566c6585114da1ccd9b6a3e3"",""name"":""Jocke"",""role"":""jng""},{""id"":""oe:player:5ee6f2e1b3c6000a67c9dc360a63c63"",""name"":""twohoyrz"",""role"":""mid""},{""id"":""oe:player:dbe75751981b890185b008df9b6542e"",""name"":""Patkica"",""role"":""mid""},{""id"":""oe:player:5c58c2e986e8aec0ee6f2465823349a"",""name"":""GOLDENTO4ST"",""role"":""bot""},{""id"":""oe:player:85b3b3e91202ccada9f1f5a24dc1bfb"",""name"":""Cl0x"",""role"":""sup""}],""cells"":[{""row"":0,""col"":0,""kind"":""self"",""pair"":null,""value"":null},{""row"":0,""col"":1,""kind"":""sparse"",""pair"":{""id"":""pair-50c6b6353f5c376f"",""teamId"":""oe:team:3921fffdab4f130255658ea322e1ab6"",""teamName"":""x25 Esports"",""playerAId"":""oe:player:5ee6f2e1b3c6000a67c9dc360a63c63"",""playerBId"":""oe:player:84ffdf6566c6585114da1ccd9b6a3e3"",""playerA"":""twohoyrz"",""playerB"":""Jocke"",""stats"":{""eligible"":false,""n_games_total"":9.0,""n_games"":9.0,""n_days"":9.0,""mean_impact"":-0.26715016,""shrunk_impact"":-0.12654481,""ci_low"":-0.2191172,""ci_high"":-0.02312896,""win_rate"":0.11111111}},""value"":-0.12654481},{""row"":0,""col"":2,""kind"":""sparse"",""pair"":{""id"":""pair-b1660155786efa95"",""teamId"":""oe:team:3921fffdab4f130255658ea322e1ab6"",""teamName"":""x25 Esports"",""playerAId"":""oe:player:84ffdf6566c6585114da1ccd9b6a3e3"",""playerBId"":""oe:player:dbe75751981b890185b008df9b6542e"",""playerA"":""Jocke"",""playerB"":""Patkica"",""stats"":{""eligible"":false,""n_games_total"":7.0,""n_games"":7.0,""n_days"":7.0,""mean_impact"":-0.28511801,""shrunk_impact"":-0.11740153,""ci_low"":-0.2575992,""ci_high"":0.04024193,""win_rate"":0.0}},""value"":-0.11740153},{""row"":0,""col"":3,""kind"":""eligible"",""pair"":{""id"":""pair-a0d5790d8e57d775"",""teamId"":""oe:team:3921fffdab4f130255658ea322e1ab6"",""teamName"":""x25 Esports"",""playerAId"":""oe:player:5c58c2e986e8aec0ee6f2465823349a"",""playerBId"":""oe:player:84ffdf6566c6585114da1ccd9b6a3e3"",""playerA"":""GOLDENTO4ST"",""playerB"":""Jocke"",""stats"":{""eligible"":true,""n_games_total"":10.0,""n_games"":10.0,""n_days"":10.0,""mean_impact"":-0.10017079,""shrunk_impact"":-0.05008539,""ci_low"":-0.19871065,""ci_high"":0.09448824,""win_rate"":0.1}},""value"":-0.05008539},{""row"":0,""col"":4,""kind"":""eligible"",""pair"":{""id"":""pair-7f21e05d6c326f54"",""teamId"":""oe:team:3921fffdab4f130255658ea322e1ab6"",""teamName"":""x25 Esports"",""playerAId"":""oe:player:84ffdf6566c6585114da1ccd9b6a3e3"",""playerBId"":""oe:player:85b3b3e91202ccada9f1f5a24dc1bfb"",""playerA"":""Jocke"",""playerB"":""Cl0x"",""stats"":{""eligible"":true,""n_games_total"":10.0,""n_games"":10.0,""n_days"":10.0,""mean_impact"":0.41249312,""shrunk_impact"":0.20624656,""ci_low"":-0.08432715,""ci_high"":0.57838356,""win_rate"":0.1}},""value"":0.20624656},{""row"":1,""col"":0,""kind"":""sparse"",""pair"":{""id"":""pair-50c6b6353f5c376f"",""teamId"":""oe:team:3921fffdab4f130255658ea322e1ab6"",""teamName"":""x25 Esports"",""playerAId"":""oe:player:5ee6f2e1b3c6000a67c9dc360a63c63"",""playerBId"":""oe:player:84ffdf6566c6585114da1ccd9b6a3e3"",""playerA"":""twohoyrz"",""playerB"":""Jocke"",""stats"":{""eligible"":false,""n_games_total"":9.0,""n_games"":9.0,""n_days"":9.0,""mean_impact"":-0.26715016,""shrunk_impact"":-0.12654481,""ci_low"":-0.2191172,""ci_high"":-0.02312896,""win_rate"":0.11111111}},""value"":-0.12654481},{""row"":1,""col"":1,""kind"":""self"",""pair"":null,""value"":null},{""row"":1,""col"":2,""kind"":""sparse"",""pair"":{""id"":""pair-18afb87da4523ae4"",""teamId"":""oe:team:3921fffdab4f130255658ea322e1ab6"",""teamName"":""x25 Esports"",""playerAId"":""oe:player:5ee6f2e1b3c6000a67c9dc360a63c63"",""playerBId"":""oe:player:dbe75751981b890185b008df9b6542e"",""playerA"":""twohoyrz"",""playerB"":""Patkica"",""stats"":{""eligible"":false,""n_games_total"":9.0,""n_games"":9.0,""n_days"":9.0,""mean_impact"":-0.29052237,""shrunk_impact"":-0.13761586,""ci_low"":-0.29157773,""ci_high"":0.00596739,""win_rate"":0.11111111}},""value"":-0.13761586},{""row"":1,""col"":3,""kind"":""eligible"",""pair"":{""id"":""pair-22237c0d505a6b94"",""teamId"":""oe:team:3921fffdab4f130255658ea322e1ab6"",""teamName"":""x25 Esports"",""playerAId"":""oe:player:5c58c2e986e8aec0ee6f2465823349a"",""playerBId"":""oe:player:5ee6f2e1b3c6000a67c9dc360a63c63"",""playerA"":""GOLDENTO4ST"",""playerB"":""twohoyrz"",""stats"":{""eligible"":true,""n_games_total"":12.0,""n_games"":12.0,""n_days"":12.0,""mean_impact"":0.0651274,""shrunk_impact"":0.03552404,""ci_low"":-0.1269479,""ci_high"":0.19296329,""win_rate"":0.16666667}},""value"":0.03552404},{""row"":1,""col"":4,""kind"":""eligible"",""pair"":{""id"":""pair-e76d7c897861eb6f"",""teamId"":""oe:team:3921fffdab4f130255658ea322e1ab6"",""teamName"":""x25 Esports"",""playerAId"":""oe:player:5ee6f2e1b3c6000a67c9dc360a63c63"",""playerBId"":""oe:player:85b3b3e91202ccada9f1f5a24dc1bfb"",""playerA"":""twohoyrz"",""playerB"":""Cl0x"",""stats"":{""eligible"":true,""n_games_total"":12.0,""n_games"":12.0,""n_days"":12.0,""mean_impact"":0.38879413,""shrunk_impact"":0.21206953,""ci_low"":-0.11309585,""ci_high"":0.57500615,""win_rate"":0.16666667}},""value"":0.21206953},{""row"":2,""col"":0,""kind"":""sparse"",""pair"":{""id"":""pair-b1660155786efa95"",""teamId"":""oe:team:3921fffdab4f130255658ea322e1ab6"",""teamName"":""x25 Esports"",""playerAId"":""oe:player:84ffdf6566c6585114da1ccd9b6a3e3"",""playerBId"":""oe:player:dbe75751981b890185b008df9b6542e"",""playerA"":""Jocke"",""playerB"":""Patkica"",""stats"":{""eligible"":false,""n_games_total"":7.0,""n_games"":7.0,""n_days"":7.0,""mean_impact"":-0.28511801,""shrunk_impact"":-0.11740153,""ci_low"":-0.2575992,""ci_high"":0.04024193,""win_rate"":0.0}},""value"":-0.11740153},{""row"":2,""col"":1,""kind"":""sparse"",""pair"":{""id"":""pair-18afb87da4523ae4"",""teamId"":""oe:team:3921fffdab4f130255658ea322e1ab6"",""teamName"":""x25 Esports"",""playerAId"":""oe:player:5ee6f2e1b3c6000a67c9dc360a63c63"",""playerBId"":""oe:player:dbe75751981b890185b008df9b6542e"",""playerA"":""twohoyrz"",""playerB"":""Patkica"",""stats"":{""eligible"":false,""n_games_total"":9.0,""n_games"":9.0,""n_days"":9.0,""mean_impact"":-0.29052237,""shrunk_impact"":-0.13761586,""ci_low"":-0.29157773,""ci_high"":0.00596739,""win_rate"":0.11111111}},""value"":-0.13761586},{""row"":2,""col"":2,""kind"":""self"",""pair"":null,""value"":null},{""row"":2,""col"":3,""kind"":""eligible"",""pair"":{""id"":""pair-bf1e66b46ed5bfe2"",""teamId"":""oe:team:3921fffdab4f130255658ea322e1ab6"",""teamName"":""x25 Esports"",""playerAId"":""oe:player:5c58c2e986e8aec0ee6f2465823349a"",""playerBId"":""oe:player:dbe75751981b890185b008df9b6542e"",""playerA"":""GOLDENTO4ST"",""playerB"":""Patkica"",""stats"":{""eligible"":true,""n_games_total"":10.0,""n_games"":10.0,""n_days"":10.0,""mean_impact"":-0.01919956,""shrunk_impact"":-0.00959978,""ci_low"":-0.21749284,""ci_high"":0.18818265,""win_rate"":0.1}},""value"":-0.00959978},{""row"":2,""col"":4,""kind"":""eligible"",""pair"":{""id"":""pair-712720ca3ad47215"",""teamId"":""oe:team:3921fffdab4f130255658ea322e1ab6"",""teamName"":""x25 Esports"",""playerAId"":""oe:player:85b3b3e91202ccada9f1f5a24dc1bfb"",""playerBId"":""oe:player:dbe75751981b890185b008df9b6542e"",""playerA"":""Cl0x"",""playerB"":""Patkica"",""stats"":{""eligible"":true,""n_games_total"":10.0,""n_games"":10.0,""n_days"":10.0,""mean_impact"":0.49709328,""shrunk_impact"":0.24854664,""ci_low"":-0.14734641,""ci_high"":0.7757219,""win_rate"":0.1}},""value"":0.24854664},{""row"":3,""col"":0,""kind"":""eligible"",""pair"":{""id"":""pair-a0d5790d8e57d775"",""teamId"":""oe:team:3921fffdab4f130255658ea322e1ab6"",""teamName"":""x25 Esports"",""playerAId"":""oe:player:5c58c2e986e8aec0ee6f2465823349a"",""playerBId"":""oe:player:84ffdf6566c6585114da1ccd9b6a3e3"",""playerA"":""GOLDENTO4ST"",""playerB"":""Jocke"",""stats"":{""eligible"":true,""n_games_total"":10.0,""n_games"":10.0,""n_days"":10.0,""mean_impact"":-0.10017079,""shrunk_impact"":-0.05008539,""ci_low"":-0.19871065,""ci_high"":0.09448824,""win_rate"":0.1}},""value"":-0.05008539},{""row"":3,""col"":1,""kind"":""eligible"",""pair"":{""id"":""pair-22237c0d505a6b94"",""teamId"":""oe:team:3921fffdab4f130255658ea322e1ab6"",""teamName"":""x25 Esports"",""playerAId"":""oe:player:5c58c2e986e8aec0ee6f2465823349a"",""playerBId"":""oe:player:5ee6f2e1b3c6000a67c9dc360a63c63"",""playerA"":""GOLDENTO4ST"",""playerB"":""twohoyrz"",""stats"":{""eligible"":true,""n_games_total"":12.0,""n_games"":12.0,""n_days"":12.0,""mean_impact"":0.0651274,""shrunk_impact"":0.03552404,""ci_low"":-0.1269479,""ci_high"":0.19296329,""win_rate"":0.16666667}},""value"":0.03552404},{""row"":3,""col"":2,""kind"":""eligible"",""pair"":{""id"":""pair-bf1e66b46ed5bfe2"",""teamId"":""oe:team:3921fffdab4f130255658ea322e1ab6"",""teamName"":""x25 Esports"",""playerAId"":""oe:player:5c58c2e986e8aec0ee6f2465823349a"",""playerBId"":""oe:player:dbe75751981b890185b008df9b6542e"",""playerA"":""GOLDENTO4ST"",""playerB"":""Patkica"",""stats"":{""eligible"":true,""n_games_total"":10.0,""n_games"":10.0,""n_days"":10.0,""mean_impact"":-0.01919956,""shrunk_impact"":-0.00959978,""ci_low"":-0.21749284,""ci_high"":0.18818265,""win_rate"":0.1}},""value"":-0.00959978},{""row"":3,""col"":3,""kind"":""self"",""pair"":null,""value"":null},{""row"":3,""col"":4,""kind"":""eligible"",""pair"":{""id"":""pair-47846810adecf7b4"",""teamId"":""oe:team:3921fffdab4f130255658ea322e1ab6"",""teamName"":""x25 Esports"",""playerAId"":""oe:player:5c58c2e986e8aec0ee6f2465823349a"",""playerBId"":""oe:player:85b3b3e91202ccada9f1f5a24dc1bfb"",""playerA"":""GOLDENTO4ST"",""playerB"":""Cl0x"",""stats"":{""eligible"":true,""n_games_total"":13.0,""n_games"":13.0,""n_days"":13.0,""mean_impact"":0.57830262,""shrunk_impact"":0.3268667,""ci_low"":-0.02340587,""ci_high"":0.73220092,""win_rate"":0.15384615}},""value"":0.3268667},{""row"":4,""col"":0,""kind"":""eligible"",""pair"":{""id"":""pair-7f21e05d6c326f54"",""teamId"":""oe:team:3921fffdab4f130255658ea322e1ab6"",""teamName"":""x25 Esports"",""playerAId"":""oe:player:84ffdf6566c6585114da1ccd9b6a3e3"",""playerBId"":""oe:player:85b3b3e91202ccada9f1f5a24dc1bfb"",""playerA"":""Jocke"",""playerB"":""Cl0x"",""stats"":{""eligible"":true,""n_games_total"":10.0,""n_games"":10.0,""n_days"":10.0,""mean_impact"":0.41249312,""shrunk_impact"":0.20624656,""ci_low"":-0.08432715,""ci_high"":0.57838356,""win_rate"":0.1}},""value"":0.20624656},{""row"":4,""col"":1,""kind"":""eligible"",""pair"":{""id"":""pair-e76d7c897861eb6f"",""teamId"":""oe:team:3921fffdab4f130255658ea322e1ab6"",""teamName"":""x25 Esports"",""playerAId"":""oe:player:5ee6f2e1b3c6000a67c9dc360a63c63"",""playerBId"":""oe:player:85b3b3e91202ccada9f1f5a24dc1bfb"",""playerA"":""twohoyrz"",""playerB"":""Cl0x"",""stats"":{""eligible"":true,""n_games_total"":12.0,""n_games"":12.0,""n_days"":12.0,""mean_impact"":0.38879413,""shrunk_impact"":0.21206953,""ci_low"":-0.11309585,""ci_high"":0.57500615,""win_rate"":0.16666667}},""value"":0.21206953},{""row"":4,""col"":2,""kind"":""eligible"",""pair"":{""id"":""pair-712720ca3ad47215"",""teamId"":""oe:team:3921fffdab4f130255658ea322e1ab6"",""teamName"":""x25 Esports"",""playerAId"":""oe:player:85b3b3e91202ccada9f1f5a24dc1bfb"",""playerBId"":""oe:player:dbe75751981b890185b008df9b6542e"",""playerA"":""Cl0x"",""playerB"":""Patkica"",""stats"":{""eligible"":true,""n_games_total"":10.0,""n_games"":10.0,""n_days"":10.0,""mean_impact"":0.49709328,""shrunk_impact"":0.24854664,""ci_low"":-0.14734641,""ci_high"":0.7757219,""win_rate"":0.1}},""value"":0.24854664},{""row"":4,""col"":3,""kind"":""eligible"",""pair"":{""id"":""pair-47846810adecf7b4"",""teamId"":""oe:team:3921fffdab4f130255658ea322e1ab6"",""teamName"":""x25 Esports"",""playerAId"":""oe:player:5c58c2e986e8aec0ee6f2465823349a"",""playerBId"":""oe:player:85b3b3e91202ccada9f1f5a24dc1bfb"",""playerA"":""GOLDENTO4ST"",""playerB"":""Cl0x"",""stats"":{""eligible"":true,""n_games_total"":13.0,""n_games"":13.0,""n_days"":13.0,""mean_impact"":0.57830262,""shrunk_impact"":0.3268667,""ci_low"":-0.02340587,""ci_high"":0.73220092,""win_rate"":0.15384615}},""value"":0.3268667},{""row"":4,""col"":4,""kind"":""self"",""pair"":null,""value"":null}],""limit"":0.3268667,""hasEligiblePair"":true}"
lineup-7db770f8d9d48051,oe:team:d5465e862dc30f6b659b2e4965a9f0a,Team Nerotec,2019,oe:player:dbe75751981b890185b008df9b6542e,Patkica,oe:player:81317166070e5727aa15670f1d996b3,Lotuss,oe:player:63ad3072dc5472bb44c2c42ede26d90,Darkness,oe:player:48286415b984816ee2d490a44ae4904,KatteN,oe:player:70e2bc3b67129fbc971072408ff6b96,Nadro,5,5,4,-0.12212115,-0.04070705,-0.23003580,0.13385228,False,0.20000000,361.03855355,1.22855431,0.20764052,0.25425641,0.20868351,0.21622423,0.18552414,0.15017300,0.24906118,0.36056157,0.20216344,0.17323763,0.15456773,0.09980357,"{""version"":1,""players"":[{""id"":""oe:player:dbe75751981b890185b008df9b6542e"",""name"":""Patkica"",""role"":""top""},{""id"":""oe:player:81317166070e5727aa15670f1d996b3"",""name"":""Lotuss"",""role"":""jng""},{""id"":""oe:player:63ad3072dc5472bb44c2c42ede26d90"",""name"":""Darkness"",""role"":""mid""},{""id"":""oe:player:48286415b984816ee2d490a44ae4904"",""name"":""KatteN"",""role"":""bot""},{""id"":""oe:player:70e2bc3b67129fbc971072408ff6b96"",""name"":""Nadro"",""role"":""sup""}],""cells"":[{""row"":0,""col"":0,""kind"":""self"",""pair"":null,""value"":null},{""row"":0,""col"":1,""kind"":""sparse"",""pair"":{""id"":""pair-090642cb9fe8766e"",""teamId"":""oe:team:d5465e862dc30f6b659b2e4965a9f0a"",""teamName"":""Team Nerotec"",""playerAId"":""oe:player:81317166070e5727aa15670f1d996b3"",""playerBId"":""oe:player:dbe75751981b890185b008df9b6542e"",""playerA"":""Lotuss"",""playerB"":""Patkica"",""stats"":{""eligible"":false,""n_games_total"":14.0,""n_games"":7.0,""n_days"":6.0,""mean_impact"":-0.06516568,""shrunk_impact"":-0.02683293,""ci_low"":-0.22255723,""ci_high"":0.17563484,""win_rate"":0.14285714}},""value"":-0.02683293},{""row"":0,""col"":2,""kind"":""sparse"",""pair"":{""id"":""pair-887d23780a0c6e4d"",""teamId"":""oe:team:d5465e862dc30f6b659b2e4965a9f0a"",""teamName"":""Team Nerotec"",""playerAId"":""oe:player:63ad3072dc5472bb44c2c42ede26d90"",""playerBId"":""oe:player:dbe75751981b890185b008df9b6542e"",""playerA"":""Darkness"",""playerB"":""Patkica"",""stats"":{""eligible"":false,""n_games_total"":8.0,""n_games"":7.0,""n_days"":6.0,""mean_impact"":0.4307278,""shrunk_impact"":0.1773585,""ci_low"":-0.0258667,""ci_high"":0.33695812,""win_rate"":0.14285714}},""value"":0.1773585},{""row"":0,""col"":3,""kind"":""sparse"",""pair"":{""id"":""pair-6be499b053aea153"",""teamId"":""oe:team:d5465e862dc30f6b659b2e4965a9f0a"",""teamName"":""Team Nerotec"",""playerAId"":""oe:player:48286415b984816ee2d490a44ae4904"",""playerBId"":""oe:player:dbe75751981b890185b008df9b6542e"",""playerA"":""KatteN"",""playerB"":""Patkica"",""stats"":{""eligible"":false,""n_games_total"":14.0,""n_games"":7.0,""n_days"":6.0,""mean_impact"":-0.2082431,""shrunk_impact"":-0.08574716,""ci_low"":-0.34158451,""ci_high"":0.14194198,""win_rate"":0.14285714}},""value"":-0.08574716},{""row"":0,""col"":4,""kind"":""sparse"",""pair"":{""id"":""pair-9c4061e20b4c39c4"",""teamId"":""oe:team:d5465e862dc30f6b659b2e4965a9f0a"",""teamName"":""Team Nerotec"",""playerAId"":""oe:player:70e2bc3b67129fbc971072408ff6b96"",""playerBId"":""oe:player:dbe75751981b890185b008df9b6542e"",""playerA"":""Nadro"",""playerB"":""Patkica"",""stats"":{""eligible"":false,""n_games_total"":5.0,""n_games"":5.0,""n_days"":4.0,""mean_impact"":-0.18493981,""shrunk_impact"":-0.0616466,""ci_low"":-0.319898,""ci_high"":0.20071315,""win_rate"":0.2}},""value"":-0.0616466},{""row"":1,""col"":0,""kind"":""sparse"",""pair"":{""id"":""pair-090642cb9fe8766e"",""teamId"":""oe:team:d5465e862dc30f6b659b2e4965a9f0a"",""teamName"":""Team Nerotec"",""playerAId"":""oe:player:81317166070e5727aa15670f1d996b3"",""playerBId"":""oe:player:dbe75751981b890185b008df9b6542e"",""playerA"":""Lotuss"",""playerB"":""Patkica"",""stats"":{""eligible"":false,""n_games_total"":14.0,""n_games"":7.0,""n_days"":6.0,""mean_impact"":-0.06516568,""shrunk_impact"":-0.02683293,""ci_low"":-0.22255723,""ci_high"":0.17563484,""win_rate"":0.14285714}},""value"":-0.02683293},{""row"":1,""col"":1,""kind"":""self"",""pair"":null,""value"":null},{""row"":1,""col"":2,""kind"":""sparse"",""pair"":{""id"":""pair-40a5137ceb2ec3a8"",""teamId"":""oe:team:d5465e862dc30f6b659b2e4965a9f0a"",""teamName"":""Team Nerotec"",""playerAId"":""oe:player:63ad3072dc5472bb44c2c42ede26d90"",""playerBId"":""oe:player:81317166070e5727aa15670f1d996b3"",""playerA"":""Darkness"",""playerB"":""Lotuss"",""stats"":{""eligible"":false,""n_games_total"":8.0,""n_games"":7.0,""n_days"":6.0,""mean_impact"":0.16219034,""shrunk_impact"":0.06678426,""ci_low"":-0.08383555,""ci_high"":0.17420504,""win_rate"":0.14285714}},""value"":0.06678426},{""row"":1,""col"":3,""kind"":""sparse"",""pair"":{""id"":""pair-fb145af6ae3862ba"",""teamId"":""oe:team:d5465e862dc30f6b659b2e4965a9f0a"",""teamName"":""Team Nerotec"",""playerAId"":""oe:player:48286415b984816ee2d490a44ae4904"",""playerBId"":""oe:player:81317166070e5727aa15670f1d996b3"",""playerA"":""KatteN"",""playerB"":""Lotuss"",""stats"":{""eligible"":false,""n_games_total"":14.0,""n_games"":7.0,""n_days"":6.0,""mean_impact"":-0.47678056,""shrunk_impact"":-0.19632141,""ci_low"":-0.36691734,""ci_high"":-0.02753199,""win_rate"":0.14285714}},""value"":-0.19632141},{""row"":1,""col"":4,""kind"":""sparse"",""pair"":{""id"":""pair-57ded9889dd7bc1c"",""teamId"":""oe:team:d5465e862dc30f6b659b2e4965a9f0a"",""teamName"":""Team Nerotec"",""playerAId"":""oe:player:70e2bc3b67129fbc971072408ff6b96"",""playerBId"":""oe:player:81317166070e5727aa15670f1d996b3"",""playerA"":""Nadro"",""playerB"":""Lotuss"",""stats"":{""eligible"":false,""n_games_total"":5.0,""n_games"":5.0,""n_days"":4.0,""mean_impact"":-0.43024724,""shrunk_impact"":-0.14341575,""ci_low"":-0.38720304,""ci_high"":0.07137403,""win_rate"":0.2}},""value"":-0.14341575},{""row"":2,""col"":0,""kind"":""sparse"",""pair"":{""id"":""pair-887d23780a0c6e4d"",""teamId"":""oe:team:d5465e862dc30f6b659b2e4965a9f0a"",""teamName"":""Team Nerotec"",""playerAId"":""oe:player:63ad3072dc5472bb44c2c42ede26d90"",""playerBId"":""oe:player:dbe75751981b890185b008df9b6542e"",""playerA"":""Darkness"",""playerB"":""Patkica"",""stats"":{""eligible"":false,""n_games_total"":8.0,""n_games"":7.0,""n_days"":6.0,""mean_impact"":0.4307278,""shrunk_impact"":0.1773585,""ci_low"":-0.0258667,""ci_high"":0.33695812,""win_rate"":0.14285714}},""value"":0.1773585},{""row"":2,""col"":1,""kind"":""sparse"",""pair"":{""id"":""pair-40a5137ceb2ec3a8"",""teamId"":""oe:team:d5465e862dc30f6b659b2e4965a9f0a"",""teamName"":""Team Nerotec"",""playerAId"":""oe:player:63ad3072dc5472bb44c2c42ede26d90"",""playerBId"":""oe:player:81317166070e5727aa15670f1d996b3"",""playerA"":""Darkness"",""playerB"":""Lotuss"",""stats"":{""eligible"":false,""n_games_total"":8.0,""n_games"":7.0,""n_days"":6.0,""mean_impact"":0.16219034,""shrunk_impact"":0.06678426,""ci_low"":-0.08383555,""ci_high"":0.17420504,""win_rate"":0.14285714}},""value"":0.06678426},{""row"":2,""col"":2,""kind"":""self"",""pair"":null,""value"":null},{""row"":2,""col"":3,""kind"":""sparse"",""pair"":{""id"":""pair-8f5ef120fcfd73fc"",""teamId"":""oe:team:d5465e862dc30f6b659b2e4965a9f0a"",""teamName"":""Team Nerotec"",""playerAId"":""oe:player:48286415b984816ee2d490a44ae4904"",""playerBId"":""oe:player:63ad3072dc5472bb44c2c42ede26d90"",""playerA"":""KatteN"",""playerB"":""Darkness"",""stats"":{""eligible"":false,""n_games_total"":8.0,""n_games"":7.0,""n_days"":6.0,""mean_impact"":0.01911292,""shrunk_impact"":0.00787002,""ci_low"":-0.14704434,""ci_high"":0.11348112,""win_rate"":0.14285714}},""value"":0.00787002},{""row"":2,""col"":4,""kind"":""sparse"",""pair"":{""id"":""pair-64886ed5fd88bfd5"",""teamId"":""oe:team:d5465e862dc30f6b659b2e4965a9f0a"",""teamName"":""Team Nerotec"",""playerAId"":""oe:player:63ad3072dc5472bb44c2c42ede26d90"",""playerBId"":""oe:player:70e2bc3b67129fbc971072408ff6b96"",""playerA"":""Darkness"",""playerB"":""Nadro"",""stats"":{""eligible"":false,""n_games_total"":5.0,""n_games"":5.0,""n_days"":4.0,""mean_impact"":0.04062928,""shrunk_impact"":0.01354309,""ci_low"":-0.19714223,""ci_high"":0.16104376,""win_rate"":0.2}},""value"":0.01354309},{""row"":3,""col"":0,""kind"":""sparse"",""pair"":{""id"":""pair-6be499b053aea153"",""teamId"":""oe:team:d5465e862dc30f6b659b2e4965a9f0a"",""teamName"":""Team Nerotec"",""playerAId"":""oe:player:48286415b984816ee2d490a44ae4904"",""playerBId"":""oe:player:dbe75751981b890185b008df9b6542e"",""playerA"":""KatteN"",""playerB"":""Patkica"",""stats"":{""eligible"":false,""n_games_total"":14.0,""n_games"":7.0,""n_days"":6.0,""mean_impact"":-0.2082431,""shrunk_impact"":-0.08574716,""ci_low"":-0.34158451,""ci_high"":0.14194198,""win_rate"":0.14285714}},""value"":-0.08574716},{""row"":3,""col"":1,""kind"":""sparse"",""pair"":{""id"":""pair-fb145af6ae3862ba"",""teamId"":""oe:team:d5465e862dc30f6b659b2e4965a9f0a"",""teamName"":""Team Nerotec"",""playerAId"":""oe:player:48286415b984816ee2d490a44ae4904"",""playerBId"":""oe:player:81317166070e5727aa15670f1d996b3"",""playerA"":""KatteN"",""playerB"":""Lotuss"",""stats"":{""eligible"":false,""n_games_total"":14.0,""n_games"":7.0,""n_days"":6.0,""mean_impact"":-0.47678056,""shrunk_impact"":-0.19632141,""ci_low"":-0.36691734,""ci_high"":-0.02753199,""win_rate"":0.14285714}},""value"":-0.19632141},{""row"":3,""col"":2,""kind"":""sparse"",""pair"":{""id"":""pair-8f5ef120fcfd73fc"",""teamId"":""oe:team:d5465e862dc30f6b659b2e4965a9f0a"",""teamName"":""Team Nerotec"",""playerAId"":""oe:player:48286415b984816ee2d490a44ae4904"",""playerBId"":""oe:player:63ad3072dc5472bb44c2c42ede26d90"",""playerA"":""KatteN"",""playerB"":""Darkness"",""stats"":{""eligible"":false,""n_games_total"":8.0,""n_games"":7.0,""n_days"":6.0,""mean_impact"":0.01911292,""shrunk_impact"":0.00787002,""ci_low"":-0.14704434,""ci_high"":0.11348112,""win_rate"":0.14285714}},""value"":0.00787002},{""row"":3,""col"":3,""kind"":""self"",""pair"":null,""value"":null},{""row"":3,""col"":4,""kind"":""sparse"",""pair"":{""id"":""pair-3a657b9bb8090d87"",""teamId"":""oe:team:d5465e862dc30f6b659b2e4965a9f0a"",""teamName"":""Team Nerotec"",""playerAId"":""oe:player:48286415b984816ee2d490a44ae4904"",""playerBId"":""oe:player:70e2bc3b67129fbc971072408ff6b96"",""playerA"":""KatteN"",""playerB"":""Nadro"",""stats"":{""eligible"":false,""n_games_total"":5.0,""n_games"":5.0,""n_days"":4.0,""mean_impact"":-0.71283938,""shrunk_impact"":-0.23761313,""ci_low"":-0.49827889,""ci_high"":0.00973584,""win_rate"":0.2}},""value"":-0.23761313},{""row"":4,""col"":0,""kind"":""sparse"",""pair"":{""id"":""pair-9c4061e20b4c39c4"",""teamId"":""oe:team:d5465e862dc30f6b659b2e4965a9f0a"",""teamName"":""Team Nerotec"",""playerAId"":""oe:player:70e2bc3b67129fbc971072408ff6b96"",""playerBId"":""oe:player:dbe75751981b890185b008df9b6542e"",""playerA"":""Nadro"",""playerB"":""Patkica"",""stats"":{""eligible"":false,""n_games_total"":5.0,""n_games"":5.0,""n_days"":4.0,""mean_impact"":-0.18493981,""shrunk_impact"":-0.0616466,""ci_low"":-0.319898,""ci_high"":0.20071315,""win_rate"":0.2}},""value"":-0.0616466},{""row"":4,""col"":1,""kind"":""sparse"",""pair"":{""id"":""pair-57ded9889dd7bc1c"",""teamId"":""oe:team:d5465e862dc30f6b659b2e4965a9f0a"",""teamName"":""Team Nerotec"",""playerAId"":""oe:player:70e2bc3b67129fbc971072408ff6b96"",""playerBId"":""oe:player:81317166070e5727aa15670f1d996b3"",""playerA"":""Nadro"",""playerB"":""Lotuss"",""stats"":{""eligible"":false,""n_games_total"":5.0,""n_games"":5.0,""n_days"":4.0,""mean_impact"":-0.43024724,""shrunk_impact"":-0.14341575,""ci_low"":-0.38720304,""ci_high"":0.07137403,""win_rate"":0.2}},""value"":-0.14341575},{""row"":4,""col"":2,""kind"":""sparse"",""pair"":{""id"":""pair-64886ed5fd88bfd5"",""teamId"":""oe:team:d5465e862dc30f6b659b2e4965a9f0a"",""teamName"":""Team Nerotec"",""playerAId"":""oe:player:63ad3072dc5472bb44c2c42ede26d90"",""playerBId"":""oe:player:70e2bc3b67129fbc971072408ff6b96"",""playerA"":""Darkness"",""playerB"":""Nadro"",""stats"":{""eligible"":false,""n_games_total"":5.0,""n_games"":5.0,""n_days"":4.0,""mean_impact"":0.04062928,""shrunk_impact"":0.01354309,""ci_low"":-0.19714223,""ci_high"":0.16104376,""win_rate"":0.2}},""value"":0.01354309},{""row"":4,""col"":3,""kind"":""sparse"",""pair"":{""id"":""pair-3a657b9bb8090d87"",""teamId"":""oe:team:d5465e862dc30f6b659b2e4965a9f0a"",""teamName"":""Team Nerotec"",""playerAId"":""oe:player:48286415b984816ee2d490a44ae4904"",""playerBId"":""oe:player:70e2bc3b67129fbc971072408ff6b96"",""playerA"":""KatteN"",""playerB"":""Nadro"",""stats"":{""eligible"":false,""n_games_total"":5.0,""n_games"":5.0,""n_days"":4.0,""mean_impact"":-0.71283938,""shrunk_impact"":-0.23761313,""ci_low"":-0.49827889,""ci_high"":0.00973584,""win_rate"":0.2}},""value"":-0.23761313},{""row"":4,""col"":4,""kind"":""self"",""pair"":null,""value"":null}],""limit"":0.23761313,""hasEligiblePair"":false}"
lineup-7e83759457208a2f,oe:team:f4b807048502e27f01499f06b235a9a,Crvena zvezda Esports,2019,oe:player:d8a389075cec97fa2685ff19c589ab4,Quinncidence,oe:player:466d302713c8abd2346b8f1e6ec6234,DoubleAiM,oe:player:0e4da4a5123c69b8850aa204601c597,meight,oe:player:0696ba507e9f097b48b4aa96e644ef7,Plox,oe:player:8eba84e3213421c5bb552410640869c,Skash,21,21,16,0.11904663,0.08064449,-0.07081809,0.29800482,True,0.80952381,393.39380105,1.32406384,0.20787570,0.23184952,0.19551115,0.18476143,0.19862333,0.20288941,0.22713881,0.26046152,0.24022718,0.24612987,0.13849952,0.10575777,"{""version"":1,""players"":[{""id"":""oe:player:d8a389075cec97fa2685ff19c589ab4"",""name"":""Quinncidence"",""role"":""top""},{""id"":""oe:player:466d302713c8abd2346b8f1e6ec6234"",""name"":""DoubleAiM"",""role"":""jng""},{""id"":""oe:player:0e4da4a5123c69b8850aa204601c597"",""name"":""meight"",""role"":""mid""},{""id"":""oe:player:0696ba507e9f097b48b4aa96e644ef7"",""name"":""Plox"",""role"":""bot""},{""id"":""oe:player:8eba84e3213421c5bb552410640869c"",""name"":""Skash"",""role"":""sup""}],""cells"":[{""row"":0,""col"":0,""kind"":""self"",""pair"":null,""value"":null},{""row"":0,""col"":1,""kind"":""eligible"",""pair"":{""id"":""pair-c1628058db016182"",""teamId"":""oe:team:f4b807048502e27f01499f06b235a9a"",""teamName"":""Crvena zvezda Esports"",""playerAId"":""oe:player:466d302713c8abd2346b8f1e6ec6234"",""playerBId"":""oe:player:d8a389075cec97fa2685ff19c589ab4"",""playerA"":""DoubleAiM"",""playerB"":""Quinncidence"",""stats"":{""eligible"":true,""n_games_total"":21.0,""n_games"":21.0,""n_days"":16.0,""mean_impact"":0.14491976,""shrunk_impact"":0.09817145,""ci_low"":-0.01467783,""ci_high"":0.26912257,""win_rate"":0.80952381}},""value"":0.09817145},{""row"":0,""col"":2,""kind"":""eligible"",""pair"":{""id"":""pair-cdc2841c2fe25305"",""teamId"":""oe:team:f4b807048502e27f01499f06b235a9a"",""teamName"":""Crvena zvezda Esports"",""playerAId"":""oe:player:0e4da4a5123c69b8850aa204601c597"",""playerBId"":""oe:player:d8a389075cec97fa2685ff19c589ab4"",""playerA"":""meight"",""playerB"":""Quinncidence"",""stats"":{""eligible"":true,""n_games_total"":21.0,""n_games"":21.0,""n_days"":16.0,""mean_impact"":-0.01288817,""shrunk_impact"":-0.00873069,""ci_low"":-0.17815004,""ci_high"":0.23279533,""win_rate"":0.80952381}},""value"":-0.00873069},{""row"":0,""col"":3,""kind"":""eligible"",""pair"":{""id"":""pair-f83b268364e105c6"",""teamId"":""oe:team:f4b807048502e27f01499f06b235a9a"",""teamName"":""Crvena zvezda Esports"",""playerAId"":""oe:player:0696ba507e9f097b48b4aa96e644ef7"",""playerBId"":""oe:player:d8a389075cec97fa2685ff19c589ab4"",""playerA"":""Plox"",""playerB"":""Quinncidence"",""stats"":{""eligible"":true,""n_games_total"":21.0,""n_games"":21.0,""n_days"":16.0,""mean_impact"":-0.09714117,""shrunk_impact"":-0.06580531,""ci_low"":-0.2459868,""ci_high"":0.20345084,""win_rate"":0.80952381}},""value"":-0.06580531},{""row"":0,""col"":4,""kind"":""eligible"",""pair"":{""id"":""pair-1a853aa363c2cb4e"",""teamId"":""oe:team:f4b807048502e27f01499f06b235a9a"",""teamName"":""Crvena zvezda Esports"",""playerAId"":""oe:player:8eba84e3213421c5bb552410640869c"",""playerBId"":""oe:player:d8a389075cec97fa2685ff19c589ab4"",""playerA"":""Skash"",""playerB"":""Quinncidence"",""stats"":{""eligible"":true,""n_games_total"":21.0,""n_games"":21.0,""n_days"":16.0,""mean_impact"":-0.0067873,""shrunk_impact"":-0.00459785,""ci_low"":-0.22425896,""ci_high"":0.28876758,""win_rate"":0.80952381}},""value"":-0.00459785},{""row"":1,""col"":0,""kind"":""eligible"",""pair"":{""id"":""pair-c1628058db016182"",""teamId"":""oe:team:f4b807048502e27f01499f06b235a9a"",""teamName"":""Crvena zvezda Esports"",""playerAId"":""oe:player:466d302713c8abd2346b8f1e6ec6234"",""playerBId"":""oe:player:d8a389075cec97fa2685ff19c589ab4"",""playerA"":""DoubleAiM"",""playerB"":""Quinncidence"",""stats"":{""eligible"":true,""n_games_total"":21.0,""n_games"":21.0,""n_days"":16.0,""mean_impact"":0.14491976,""shrunk_impact"":0.09817145,""ci_low"":-0.01467783,""ci_high"":0.26912257,""win_rate"":0.80952381}},""value"":0.09817145},{""row"":1,""col"":1,""kind"":""self"",""pair"":null,""value"":null},{""row"":1,""col"":2,""kind"":""eligible"",""pair"":{""id"":""pair-fa9b80722114a41d"",""teamId"":""oe:team:f4b807048502e27f01499f06b235a9a"",""teamName"":""Crvena zvezda Esports"",""playerAId"":""oe:player:0e4da4a5123c69b8850aa204601c597"",""playerBId"":""oe:player:466d302713c8abd2346b8f1e6ec6234"",""playerA"":""meight"",""playerB"":""DoubleAiM"",""stats"":{""eligible"":true,""n_games_total"":21.0,""n_games"":21.0,""n_days"":16.0,""mean_impact"":0.31170724,""shrunk_impact"":0.21115651,""ci_low"":0.04118999,""ci_high"":0.43979403,""win_rate"":0.80952381}},""value"":0.21115651},{""row"":1,""col"":3,""kind"":""eligible"",""pair"":{""id"":""pair-4c8b42ab8c6abf8f"",""teamId"":""oe:team:f4b807048502e27f01499f06b235a9a"",""teamName"":""Crvena zvezda Esports"",""playerAId"":""oe:player:0696ba507e9f097b48b4aa96e644ef7"",""playerBId"":""oe:player:466d302713c8abd2346b8f1e6ec6234"",""playerA"":""Plox"",""playerB"":""DoubleAiM"",""stats"":{""eligible"":true,""n_games_total"":21.0,""n_games"":21.0,""n_days"":16.0,""mean_impact"":0.22745423,""shrunk_impact"":0.1540819,""ci_low"":-0.00095462,""ci_high"":0.37923184,""win_rate"":0.80952381}},""value"":0.1540819},{""row"":1,""col"":4,""kind"":""eligible"",""pair"":{""id"":""pair-9fc1eb890c74cfb3"",""teamId"":""oe:team:f4b807048502e27f01499f06b235a9a"",""teamName"":""Crvena zvezda Esports"",""playerAId"":""oe:player:466d302713c8abd2346b8f1e6ec6234"",""playerBId"":""oe:player:8eba84e3213421c5bb552410640869c"",""playerA"":""DoubleAiM"",""playerB"":""Skash"",""stats"":{""eligible"":true,""n_games_total"":21.0,""n_games"":21.0,""n_days"":16.0,""mean_impact"":0.3178081,""shrunk_impact"":0.21528936,""ci_low"":0.0458696,""ci_high"":0.45020406,""win_rate"":0.80952381}},""value"":0.21528936},{""row"":2,""col"":0,""kind"":""eligible"",""pair"":{""id"":""pair-cdc2841c2fe25305"",""teamId"":""oe:team:f4b807048502e27f01499f06b235a9a"",""teamName"":""Crvena zvezda Esports"",""playerAId"":""oe:player:0e4da4a5123c69b8850aa204601c597"",""playerBId"":""oe:player:d8a389075cec97fa2685ff19c589ab4"",""playerA"":""meight"",""playerB"":""Quinncidence"",""stats"":{""eligible"":true,""n_games_total"":21.0,""n_games"":21.0,""n_days"":16.0,""mean_impact"":-0.01288817,""shrunk_impact"":-0.00873069,""ci_low"":-0.17815004,""ci_high"":0.23279533,""win_rate"":0.80952381}},""value"":-0.00873069},{""row"":2,""col"":1,""kind"":""eligible"",""pair"":{""id"":""pair-fa9b80722114a41d"",""teamId"":""oe:team:f4b807048502e27f01499f06b235a9a"",""teamName"":""Crvena zvezda Esports"",""playerAId"":""oe:player:0e4da4a5123c69b8850aa204601c597"",""playerBId"":""oe:player:466d302713c8abd2346b8f1e6ec6234"",""playerA"":""meight"",""playerB"":""DoubleAiM"",""stats"":{""eligible"":true,""n_games_total"":21.0,""n_games"":21.0,""n_days"":16.0,""mean_impact"":0.31170724,""shrunk_impact"":0.21115651,""ci_low"":0.04118999,""ci_high"":0.43979403,""win_rate"":0.80952381}},""value"":0.21115651},{""row"":2,""col"":2,""kind"":""self"",""pair"":null,""value"":null},{""row"":2,""col"":3,""kind"":""eligible"",""pair"":{""id"":""pair-5fd1ee37b2e8f5ba"",""teamId"":""oe:team:f4b807048502e27f01499f06b235a9a"",""teamName"":""Crvena zvezda Esports"",""playerAId"":""oe:player:0696ba507e9f097b48b4aa96e644ef7"",""playerBId"":""oe:player:0e4da4a5123c69b8850aa204601c597"",""playerA"":""Plox"",""playerB"":""meight"",""stats"":{""eligible"":true,""n_games_total"":21.0,""n_games"":21.0,""n_days"":16.0,""mean_impact"":0.0696463,""shrunk_impact"":0.04717975,""ci_low"":-0.13120703,""ci_high"":0.32723009,""win_rate"":0.80952381}},""value"":0.04717975},{""row"":2,""col"":4,""kind"":""eligible"",""pair"":{""id"":""pair-5b1ba502195d58b2"",""teamId"":""oe:team:f4b807048502e27f01499f06b235a9a"",""teamName"":""Crvena zvezda Esports"",""playerAId"":""oe:player:0e4da4a5123c69b8850aa204601c597"",""playerBId"":""oe:player:8eba84e3213421c5bb552410640869c"",""playerA"":""meight"",""playerB"":""Skash"",""stats"":{""eligible"":true,""n_games_total"":21.0,""n_games"":21.0,""n_days"":16.0,""mean_impact"":0.16000018,""shrunk_impact"":0.10838722,""ci_low"":-0.10893269,""ci_high"":0.42691808,""win_rate"":0.80952381}},""value"":0.10838722},{""row"":3,""col"":0,""kind"":""eligible"",""pair"":{""id"":""pair-f83b268364e105c6"",""teamId"":""oe:team:f4b807048502e27f01499f06b235a9a"",""teamName"":""Crvena zvezda Esports"",""playerAId"":""oe:player:0696ba507e9f097b48b4aa96e644ef7"",""playerBId"":""oe:player:d8a389075cec97fa2685ff19c589ab4"",""playerA"":""Plox"",""playerB"":""Quinncidence"",""stats"":{""eligible"":true,""n_games_total"":21.0,""n_games"":21.0,""n_days"":16.0,""mean_impact"":-0.09714117,""shrunk_impact"":-0.06580531,""ci_low"":-0.2459868,""ci_high"":0.20345084,""win_rate"":0.80952381}},""value"":-0.06580531},{""row"":3,""col"":1,""kind"":""eligible"",""pair"":{""id"":""pair-4c8b42ab8c6abf8f"",""teamId"":""oe:team:f4b807048502e27f01499f06b235a9a"",""teamName"":""Crvena zvezda Esports"",""playerAId"":""oe:player:0696ba507e9f097b48b4aa96e644ef7"",""playerBId"":""oe:player:466d302713c8abd2346b8f1e6ec6234"",""playerA"":""Plox"",""playerB"":""DoubleAiM"",""stats"":{""eligible"":true,""n_games_total"":21.0,""n_games"":21.0,""n_days"":16.0,""mean_impact"":0.22745423,""shrunk_impact"":0.1540819,""ci_low"":-0.00095462,""ci_high"":0.37923184,""win_rate"":0.80952381}},""value"":0.1540819},{""row"":3,""col"":2,""kind"":""eligible"",""pair"":{""id"":""pair-5fd1ee37b2e8f5ba"",""teamId"":""oe:team:f4b807048502e27f01499f06b235a9a"",""teamName"":""Crvena zvezda Esports"",""playerAId"":""oe:player:0696ba507e9f097b48b4aa96e644ef7"",""playerBId"":""oe:player:0e4da4a5123c69b8850aa204601c597"",""playerA"":""Plox"",""playerB"":""meight"",""stats"":{""eligible"":true,""n_games_total"":21.0,""n_games"":21.0,""n_days"":16.0,""mean_impact"":0.0696463,""shrunk_impact"":0.04717975,""ci_low"":-0.13120703,""ci_high"":0.32723009,""win_rate"":0.80952381}},""value"":0.04717975},{""row"":3,""col"":3,""kind"":""self"",""pair"":null,""value"":null},{""row"":3,""col"":4,""kind"":""eligible"",""pair"":{""id"":""pair-0b9d8228fa8197fe"",""teamId"":""oe:team:f4b807048502e27f01499f06b235a9a"",""teamName"":""Crvena zvezda Esports"",""playerAId"":""oe:player:0696ba507e9f097b48b4aa96e644ef7"",""playerBId"":""oe:player:8eba84e3213421c5bb552410640869c"",""playerA"":""Plox"",""playerB"":""Skash"",""stats"":{""eligible"":true,""n_games_total"":21.0,""n_games"":21.0,""n_days"":16.0,""mean_impact"":0.07574717,""shrunk_impact"":0.0513126,""ci_low"":-0.18085266,""ci_high"":0.35555569,""win_rate"":0.80952381}},""value"":0.0513126},{""row"":4,""col"":0,""kind"":""eligible"",""pair"":{""id"":""pair-1a853aa363c2cb4e"",""teamId"":""oe:team:f4b807048502e27f01499f06b235a9a"",""teamName"":""Crvena zvezda Esports"",""playerAId"":""oe:player:8eba84e3213421c5bb552410640869c"",""playerBId"":""oe:player:d8a389075cec97fa2685ff19c589ab4"",""playerA"":""Skash"",""playerB"":""Quinncidence"",""stats"":{""eligible"":true,""n_games_total"":21.0,""n_games"":21.0,""n_days"":16.0,""mean_impact"":-0.0067873,""shrunk_impact"":-0.00459785,""ci_low"":-0.22425896,""ci_high"":0.28876758,""win_rate"":0.80952381}},""value"":-0.00459785},{""row"":4,""col"":1,""kind"":""eligible"",""pair"":{""id"":""pair-9fc1eb890c74cfb3"",""teamId"":""oe:team:f4b807048502e27f01499f06b235a9a"",""teamName"":""Crvena zvezda Esports"",""playerAId"":""oe:player:466d302713c8abd2346b8f1e6ec6234"",""playerBId"":""oe:player:8eba84e3213421c5bb552410640869c"",""playerA"":""DoubleAiM"",""playerB"":""Skash"",""stats"":{""eligible"":true,""n_games_total"":21.0,""n_games"":21.0,""n_days"":16.0,""mean_impact"":0.3178081,""shrunk_impact"":0.21528936,""ci_low"":0.0458696,""ci_high"":0.45020406,""win_rate"":0.80952381}},""value"":0.21528936},{""row"":4,""col"":2,""kind"":""eligible"",""pair"":{""id"":""pair-5b1ba502195d58b2"",""teamId"":""oe:team:f4b807048502e27f01499f06b235a9a"",""teamName"":""Crvena zvezda Esports"",""playerAId"":""oe:player:0e4da4a5123c69b8850aa204601c597"",""playerBId"":""oe:player:8eba84e3213421c5bb552410640869c"",""playerA"":""meight"",""playerB"":""Skash"",""stats"":{""eligible"":true,""n_games_total"":21.0,""n_games"":21.0,""n_days"":16.0,""mean_impact"":0.16000018,""shrunk_impact"":0.10838722,""ci_low"":-0.10893269,""ci_high"":0.42691808,""win_rate"":0.80952381}},""value"":0.10838722},{""row"":4,""col"":3,""kind"":""eligible"",""pair"":{""id"":""pair-0b9d8228fa8197fe"",""teamId"":""oe:team:f4b807048502e27f01499f06b235a9a"",""teamName"":""Crvena zvezda Esports"",""playerAId"":""oe:player:0696ba507e9f097b48b4aa96e644ef7"",""playerBId"":""oe:player:8eba84e3213421c5bb552410640869c"",""playerA"":""Plox"",""playerB"":""Skash"",""stats"":{""eligible"":true,""n_games_total"":21.0,""n_games"":21.0,""n_days"":16.0,""mean_impact"":0.07574717,""shrunk_impact"":0.0513126,""ci_low"":-0.18085266,""ci_high"":0.35555569,""win_rate"":0.80952381}},""value"":0.0513126},{""row"":4,""col"":4,""kind"":""self"",""pair"":null,""value"":null}],""limit"":0.21528936,""hasEligiblePair"":true}"
lineup-8833805a5eec25e4,oe:team:3921fffdab4f130255658ea322e1ab6,x25 Esports,2019,oe:player:dbe75751981b890185b008df9b6542e,Patkica,oe:player:84ffdf6566c6585114da1ccd9b6a3e3,Jocke,oe:player:5ee6f2e1b3c6000a67c9dc360a63c63,twohoyrz,oe:player:5c58c2e986e8aec0ee6f2465823349a,GOLDENTO4ST,oe:player:85b3b3e91202ccada9f1f5a24dc1bfb,Cl0x,5,5,5,0.07492888,0.02497629,-0.20327503,0.30244128,False,0.00000000,384.72810976,1.20457895,0.20757623,0.22100507,0.20335050,0.18379922,0.17093191,0.12780133,0.21376365,0.22773701,0.25590780,0.26985346,0.15604614,0.19080899,"{""version"":1,""players"":[{""id"":""oe:player:dbe75751981b890185b008df9b6542e"",""name"":""Patkica"",""role"":""mid""},{""id"":""oe:player:84ffdf6566c6585114da1ccd9b6a3e3"",""name"":""Jocke"",""role"":""jng""},{""id"":""oe:player:5ee6f2e1b3c6000a67c9dc360a63c63"",""name"":""twohoyrz"",""role"":""mid""},{""id"":""oe:player:5c58c2e986e8aec0ee6f2465823349a"",""name"":""GOLDENTO4ST"",""role"":""bot""},{""id"":""oe:player:85b3b3e91202ccada9f1f5a24dc1bfb"",""name"":""Cl0x"",""role"":""sup""}],""cells"":[{""row"":0,""col"":0,""kind"":""self"",""pair"":null,""value"":null},{""row"":0,""col"":1,""kind"":""sparse"",""pair"":{""id"":""pair-b1660155786efa95"",""teamId"":""oe:team:3921fffdab4f130255658ea322e1ab6"",""teamName"":""x25 Esports"",""playerAId"":""oe:player:84ffdf6566c6585114da1ccd9b6a3e3"",""playerBId"":""oe:player:dbe75751981b890185b008df9b6542e"",""playerA"":""Jocke"",""playerB"":""Patkica"",""stats"":{""eligible"":false,""n_games_total"":7.0,""n_games"":7.0,""n_days"":7.0,""mean_impact"":-0.28511801,""shrunk_impact"":-0.11740153,""ci_low"":-0.2575992,""ci_high"":0.04024193,""win_rate"":0.0}},""value"":-0.11740153},{""row"":0,""col"":2,""kind"":""sparse"",""pair"":{""id"":""pair-18afb87da4523ae4"",""teamId"":""oe:team:3921fffdab4f130255658ea322e1ab6"",""teamName"":""x25 Esports"",""playerAId"":""oe:player:5ee6f2e1b3c6000a67c9dc360a63c63"",""playerBId"":""oe:player:dbe75751981b890185b008df9b6542e"",""playerA"":""twohoyrz"",""playerB"":""Patkica"",""stats"":{""eligible"":false,""n_games_total"":9.0,""n_games"":9.0,""n_days"":9.0,""mean_impact"":-0.29052237,""shrunk_impact"":-0.13761586,""ci_low"":-0.29157773,""ci_high"":0.00596739,""win_rate"":0.11111111}},""value"":-0.13761586},{""row"":0,""col"":3,""kind"":""eligible"",""pair"":{""id"":""pair-bf1e66b46ed5bfe2"",""teamId"":""oe:team:3921fffdab4f130255658ea322e1ab6"",""teamName"":""x25 Esports"",""playerAId"":""oe:player:5c58c2e986e8aec0ee6f2465823349a"",""playerBId"":""oe:player:dbe75751981b890185b008df9b6542e"",""playerA"":""GOLDENTO4ST"",""playerB"":""Patkica"",""stats"":{""eligible"":true,""n_games_total"":10.0,""n_games"":10.0,""n_days"":10.0,""mean_impact"":-0.01919956,""shrunk_impact"":-0.00959978,""ci_low"":-0.21749284,""ci_high"":0.18818265,""win_rate"":0.1}},""value"":-0.00959978},{""row"":0,""col"":4,""kind"":""eligible"",""pair"":{""id"":""pair-712720ca3ad47215"",""teamId"":""oe:team:3921fffdab4f130255658ea322e1ab6"",""teamName"":""x25 Esports"",""playerAId"":""oe:player:85b3b3e91202ccada9f1f5a24dc1bfb"",""playerBId"":""oe:player:dbe75751981b890185b008df9b6542e"",""playerA"":""Cl0x"",""playerB"":""Patkica"",""stats"":{""eligible"":true,""n_games_total"":10.0,""n_games"":10.0,""n_days"":10.0,""mean_impact"":0.49709328,""shrunk_impact"":0.24854664,""ci_low"":-0.14734641,""ci_high"":0.7757219,""win_rate"":0.1}},""value"":0.24854664},{""row"":1,""col"":0,""kind"":""sparse"",""pair"":{""id"":""pair-b1660155786efa95"",""teamId"":""oe:team:3921fffdab4f130255658ea322e1ab6"",""teamName"":""x25 Esports"",""playerAId"":""oe:player:84ffdf6566c6585114da1ccd9b6a3e3"",""playerBId"":""oe:player:dbe75751981b890185b008df9b6542e"",""playerA"":""Jocke"",""playerB"":""Patkica"",""stats"":{""eligible"":false,""n_games_total"":7.0,""n_games"":7.0,""n_days"":7.0,""mean_impact"":-0.28511801,""shrunk_impact"":-0.11740153,""ci_low"":-0.2575992,""ci_high"":0.04024193,""win_rate"":0.0}},""value"":-0.11740153},{""row"":1,""col"":1,""kind"":""self"",""pair"":null,""value"":null},{""row"":1,""col"":2,""kind"":""sparse"",""pair"":{""id"":""pair-50c6b6353f5c376f"",""teamId"":""oe:team:3921fffdab4f130255658ea322e1ab6"",""teamName"":""x25 Esports"",""playerAId"":""oe:player:5ee6f2e1b3c6000a67c9dc360a63c63"",""playerBId"":""oe:player:84ffdf6566c6585114da1ccd9b6a3e3"",""playerA"":""twohoyrz"",""playerB"":""Jocke"",""stats"":{""eligible"":false,""n_games_total"":9.0,""n_games"":9.0,""n_days"":9.0,""mean_impact"":-0.26715016,""shrunk_impact"":-0.12654481,""ci_low"":-0.2191172,""ci_high"":-0.02312896,""win_rate"":0.11111111}},""value"":-0.12654481},{""row"":1,""col"":3,""kind"":""eligible"",""pair"":{""id"":""pair-a0d5790d8e57d775"",""teamId"":""oe:team:3921fffdab4f130255658ea322e1ab6"",""teamName"":""x25 Esports"",""playerAId"":""oe:player:5c58c2e986e8aec0ee6f2465823349a"",""playerBId"":""oe:player:84ffdf6566c6585114da1ccd9b6a3e3"",""playerA"":""GOLDENTO4ST"",""playerB"":""Jocke"",""stats"":{""eligible"":true,""n_games_total"":10.0,""n_games"":10.0,""n_days"":10.0,""mean_impact"":-0.10017079,""shrunk_impact"":-0.05008539,""ci_low"":-0.19871065,""ci_high"":0.09448824,""win_rate"":0.1}},""value"":-0.05008539},{""row"":1,""col"":4,""kind"":""eligible"",""pair"":{""id"":""pair-7f21e05d6c326f54"",""teamId"":""oe:team:3921fffdab4f130255658ea322e1ab6"",""teamName"":""x25 Esports"",""playerAId"":""oe:player:84ffdf6566c6585114da1ccd9b6a3e3"",""playerBId"":""oe:player:85b3b3e91202ccada9f1f5a24dc1bfb"",""playerA"":""Jocke"",""playerB"":""Cl0x"",""stats"":{""eligible"":true,""n_games_total"":10.0,""n_games"":10.0,""n_days"":10.0,""mean_impact"":0.41249312,""shrunk_impact"":0.20624656,""ci_low"":-0.08432715,""ci_high"":0.57838356,""win_rate"":0.1}},""value"":0.20624656},{""row"":2,""col"":0,""kind"":""sparse"",""pair"":{""id"":""pair-18afb87da4523ae4"",""teamId"":""oe:team:3921fffdab4f130255658ea322e1ab6"",""teamName"":""x25 Esports"",""playerAId"":""oe:player:5ee6f2e1b3c6000a67c9dc360a63c63"",""playerBId"":""oe:player:dbe75751981b890185b008df9b6542e"",""playerA"":""twohoyrz"",""playerB"":""Patkica"",""stats"":{""eligible"":false,""n_games_total"":9.0,""n_games"":9.0,""n_days"":9.0,""mean_impact"":-0.29052237,""shrunk_impact"":-0.13761586,""ci_low"":-0.29157773,""ci_high"":0.00596739,""win_rate"":0.11111111}},""value"":-0.13761586},{""row"":2,""col"":1,""kind"":""sparse"",""pair"":{""id"":""pair-50c6b6353f5c376f"",""teamId"":""oe:team:3921fffdab4f130255658ea322e1ab6"",""teamName"":""x25 Esports"",""playerAId"":""oe:player:5ee6f2e1b3c6000a67c9dc360a63c63"",""playerBId"":""oe:player:84ffdf6566c6585114da1ccd9b6a3e3"",""playerA"":""twohoyrz"",""playerB"":""Jocke"",""stats"":{""eligible"":false,""n_games_total"":9.0,""n_games"":9.0,""n_days"":9.0,""mean_impact"":-0.26715016,""shrunk_impact"":-0.12654481,""ci_low"":-0.2191172,""ci_high"":-0.02312896,""win_rate"":0.11111111}},""value"":-0.12654481},{""row"":2,""col"":2,""kind"":""self"",""pair"":null,""value"":null},{""row"":2,""col"":3,""kind"":""eligible"",""pair"":{""id"":""pair-22237c0d505a6b94"",""teamId"":""oe:team:3921fffdab4f130255658ea322e1ab6"",""teamName"":""x25 Esports"",""playerAId"":""oe:player:5c58c2e986e8aec0ee6f2465823349a"",""playerBId"":""oe:player:5ee6f2e1b3c6000a67c9dc360a63c63"",""playerA"":""GOLDENTO4ST"",""playerB"":""twohoyrz"",""stats"":{""eligible"":true,""n_games_total"":12.0,""n_games"":12.0,""n_days"":12.0,""mean_impact"":0.0651274,""shrunk_impact"":0.03552404,""ci_low"":-0.1269479,""ci_high"":0.19296329,""win_rate"":0.16666667}},""value"":0.03552404},{""row"":2,""col"":4,""kind"":""eligible"",""pair"":{""id"":""pair-e76d7c897861eb6f"",""teamId"":""oe:team:3921fffdab4f130255658ea322e1ab6"",""teamName"":""x25 Esports"",""playerAId"":""oe:player:5ee6f2e1b3c6000a67c9dc360a63c63"",""playerBId"":""oe:player:85b3b3e91202ccada9f1f5a24dc1bfb"",""playerA"":""twohoyrz"",""playerB"":""Cl0x"",""stats"":{""eligible"":true,""n_games_total"":12.0,""n_games"":12.0,""n_days"":12.0,""mean_impact"":0.38879413,""shrunk_impact"":0.21206953,""ci_low"":-0.11309585,""ci_high"":0.57500615,""win_rate"":0.16666667}},""value"":0.21206953},{""row"":3,""col"":0,""kind"":""eligible"",""pair"":{""id"":""pair-bf1e66b46ed5bfe2"",""teamId"":""oe:team:3921fffdab4f130255658ea322e1ab6"",""teamName"":""x25 Esports"",""playerAId"":""oe:player:5c58c2e986e8aec0ee6f2465823349a"",""playerBId"":""oe:player:dbe75751981b890185b008df9b6542e"",""playerA"":""GOLDENTO4ST"",""playerB"":""Patkica"",""stats"":{""eligible"":true,""n_games_total"":10.0,""n_games"":10.0,""n_days"":10.0,""mean_impact"":-0.01919956,""shrunk_impact"":-0.00959978,""ci_low"":-0.21749284,""ci_high"":0.18818265,""win_rate"":0.1}},""value"":-0.00959978},{""row"":3,""col"":1,""kind"":""eligible"",""pair"":{""id"":""pair-a0d5790d8e57d775"",""teamId"":""oe:team:3921fffdab4f130255658ea322e1ab6"",""teamName"":""x25 Esports"",""playerAId"":""oe:player:5c58c2e986e8aec0ee6f2465823349a"",""playerBId"":""oe:player:84ffdf6566c6585114da1ccd9b6a3e3"",""playerA"":""GOLDENTO4ST"",""playerB"":""Jocke"",""stats"":{""eligible"":true,""n_games_total"":10.0,""n_games"":10.0,""n_days"":10.0,""mean_impact"":-0.10017079,""shrunk_impact"":-0.05008539,""ci_low"":-0.19871065,""ci_high"":0.09448824,""win_rate"":0.1}},""value"":-0.05008539},{""row"":3,""col"":2,""kind"":""eligible"",""pair"":{""id"":""pair-22237c0d505a6b94"",""teamId"":""oe:team:3921fffdab4f130255658ea322e1ab6"",""teamName"":""x25 Esports"",""playerAId"":""oe:player:5c58c2e986e8aec0ee6f2465823349a"",""playerBId"":""oe:player:5ee6f2e1b3c6000a67c9dc360a63c63"",""playerA"":""GOLDENTO4ST"",""playerB"":""twohoyrz"",""stats"":{""eligible"":true,""n_games_total"":12.0,""n_games"":12.0,""n_days"":12.0,""mean_impact"":0.0651274,""shrunk_impact"":0.03552404,""ci_low"":-0.1269479,""ci_high"":0.19296329,""win_rate"":0.16666667}},""value"":0.03552404},{""row"":3,""col"":3,""kind"":""self"",""pair"":null,""value"":null},{""row"":3,""col"":4,""kind"":""eligible"",""pair"":{""id"":""pair-47846810adecf7b4"",""teamId"":""oe:team:3921fffdab4f130255658ea322e1ab6"",""teamName"":""x25 Esports"",""playerAId"":""oe:player:5c58c2e986e8aec0ee6f2465823349a"",""playerBId"":""oe:player:85b3b3e91202ccada9f1f5a24dc1bfb"",""playerA"":""GOLDENTO4ST"",""playerB"":""Cl0x"",""stats"":{""eligible"":true,""n_games_total"":13.0,""n_games"":13.0,""n_days"":13.0,""mean_impact"":0.57830262,""shrunk_impact"":0.3268667,""ci_low"":-0.02340587,""ci_high"":0.73220092,""win_rate"":0.15384615}},""value"":0.3268667},{""row"":4,""col"":0,""kind"":""eligible"",""pair"":{""id"":""pair-712720ca3ad47215"",""teamId"":""oe:team:3921fffdab4f130255658ea322e1ab6"",""teamName"":""x25 Esports"",""playerAId"":""oe:player:85b3b3e91202ccada9f1f5a24dc1bfb"",""playerBId"":""oe:player:dbe75751981b890185b008df9b6542e"",""playerA"":""Cl0x"",""playerB"":""Patkica"",""stats"":{""eligible"":true,""n_games_total"":10.0,""n_games"":10.0,""n_days"":10.0,""mean_impact"":0.49709328,""shrunk_impact"":0.24854664,""ci_low"":-0.14734641,""ci_high"":0.7757219,""win_rate"":0.1}},""value"":0.24854664},{""row"":4,""col"":1,""kind"":""eligible"",""pair"":{""id"":""pair-7f21e05d6c326f54"",""teamId"":""oe:team:3921fffdab4f130255658ea322e1ab6"",""teamName"":""x25 Esports"",""playerAId"":""oe:player:84ffdf6566c6585114da1ccd9b6a3e3"",""playerBId"":""oe:player:85b3b3e91202ccada9f1f5a24dc1bfb"",""playerA"":""Jocke"",""playerB"":""Cl0x"",""stats"":{""eligible"":true,""n_games_total"":10.0,""n_games"":10.0,""n_days"":10.0,""mean_impact"":0.41249312,""shrunk_impact"":0.20624656,""ci_low"":-0.08432715,""ci_high"":0.57838356,""win_rate"":0.1}},""value"":0.20624656},{""row"":4,""col"":2,""kind"":""eligible"",""pair"":{""id"":""pair-e76d7c897861eb6f"",""teamId"":""oe:team:3921fffdab4f130255658ea322e1ab6"",""teamName"":""x25 Esports"",""playerAId"":""oe:player:5ee6f2e1b3c6000a67c9dc360a63c63"",""playerBId"":""oe:player:85b3b3e91202ccada9f1f5a24dc1bfb"",""playerA"":""twohoyrz"",""playerB"":""Cl0x"",""stats"":{""eligible"":true,""n_games_total"":12.0,""n_games"":12.0,""n_days"":12.0,""mean_impact"":0.38879413,""shrunk_impact"":0.21206953,""ci_low"":-0.11309585,""ci_high"":0.57500615,""win_rate"":0.16666667}},""value"":0.21206953},{""row"":4,""col"":3,""kind"":""eligible"",""pair"":{""id"":""pair-47846810adecf7b4"",""teamId"":""oe:team:3921fffdab4f130255658ea322e1ab6"",""teamName"":""x25 Esports"",""playerAId"":""oe:player:5c58c2e986e8aec0ee6f2465823349a"",""playerBId"":""oe:player:85b3b3e91202ccada9f1f5a24dc1bfb"",""playerA"":""GOLDENTO4ST"",""playerB"":""Cl0x"",""stats"":{""eligible"":true,""n_games_total"":13.0,""n_games"":13.0,""n_days"":13.0,""mean_impact"":0.57830262,""shrunk_impact"":0.3268667,""ci_low"":-0.02340587,""ci_high"":0.73220092,""win_rate"":0.15384615}},""value"":0.3268667},{""row"":4,""col"":4,""kind"":""self"",""pair"":null,""value"":null}],""limit"":0.3268667,""hasEligiblePair"":true}"
lineup-883c2943e6f57a42,oe:team:d5465e862dc30f6b659b2e4965a9f0a,Team Nerotec,2019,oe:player:dbe75751981b890185b008df9b6542e,Patkica,oe:player:81317166070e5727aa15670f1d996b3,Lotuss,oe:player:28c63fa3372e3ea966da602ca9137b6,RoyalKanin,oe:player:48286415b984816ee2d490a44ae4904,KatteN,oe:player:5b86bd7c6c1e8a571ae4cd56460e6d1,Shafu,6,0,0,,,,,False,,,,,,,,,,,,,,,,"{""version"":1,""players"":[{""id"":""oe:player:dbe75751981b890185b008df9b6542e"",""name"":""Patkica"",""role"":""top""},{""id"":""oe:player:81317166070e5727aa15670f1d996b3"",""name"":""Lotuss"",""role"":""jng""},{""id"":""oe:player:28c63fa3372e3ea966da602ca9137b6"",""name"":""RoyalKanin"",""role"":""mid""},{""id"":""oe:player:48286415b984816ee2d490a44ae4904"",""name"":""KatteN"",""role"":""bot""},{""id"":""oe:player:5b86bd7c6c1e8a571ae4cd56460e6d1"",""name"":""Shafu"",""role"":""sup""}],""cells"":[{""row"":0,""col"":0,""kind"":""self"",""pair"":null,""value"":null},{""row"":0,""col"":1,""kind"":""sparse"",""pair"":{""id"":""pair-090642cb9fe8766e"",""teamId"":""oe:team:d5465e862dc30f6b659b2e4965a9f0a"",""teamName"":""Team Nerotec"",""playerAId"":""oe:player:81317166070e5727aa15670f1d996b3"",""playerBId"":""oe:player:dbe75751981b890185b008df9b6542e"",""playerA"":""Lotuss"",""playerB"":""Patkica"",""stats"":{""eligible"":false,""n_games_total"":14.0,""n_games"":7.0,""n_days"":6.0,""mean_impact"":-0.06516568,""shrunk_impact"":-0.02683293,""ci_low"":-0.22255723,""ci_high"":0.17563484,""win_rate"":0.14285714}},""value"":-0.02683293},{""row"":0,""col"":2,""kind"":""missing"",""pair"":{""id"":""pair-58ddc5ffde7a0922"",""teamId"":""oe:team:d5465e862dc30f6b659b2e4965a9f0a"",""teamName"":""Team Nerotec"",""playerAId"":""oe:player:28c63fa3372e3ea966da602ca9137b6"",""playerBId"":""oe:player:dbe75751981b890185b008df9b6542e"",""playerA"":""RoyalKanin"",""playerB"":""Patkica"",""stats"":{""eligible"":false,""n_games_total"":6.0,""n_games"":0.0,""n_days"":0.0,""mean_impact"":null,""shrunk_impact"":null,""ci_low"":null,""ci_high"":null,""win_rate"":null}},""value"":null},{""row"":0,""col"":3,""kind"":""sparse"",""pair"":{""id"":""pair-6be499b053aea153"",""teamId"":""oe:team:d5465e862dc30f6b659b2e4965a9f0a"",""teamName"":""Team Nerotec"",""playerAId"":""oe:player:48286415b984816ee2d490a44ae4904"",""playerBId"":""oe:player:dbe75751981b890185b008df9b6542e"",""playerA"":""KatteN"",""playerB"":""Patkica"",""stats"":{""eligible"":false,""n_games_total"":14.0,""n_games"":7.0,""n_days"":6.0,""mean_impact"":-0.2082431,""shrunk_impact"":-0.08574716,""ci_low"":-0.34158451,""ci_high"":0.14194198,""win_rate"":0.14285714}},""value"":-0.08574716},{""row"":0,""col"":4,""kind"":""sparse"",""pair"":{""id"":""pair-adba0fe201a08c69"",""teamId"":""oe:team:d5465e862dc30f6b659b2e4965a9f0a"",""teamName"":""Team Nerotec"",""playerAId"":""oe:player:5b86bd7c6c1e8a571ae4cd56460e6d1"",""playerBId"":""oe:player:dbe75751981b890185b008df9b6542e"",""playerA"":""Shafu"",""playerB"":""Patkica"",""stats"":{""eligible"":false,""n_games_total"":8.0,""n_games"":1.0,""n_days"":1.0,""mean_impact"":1.03425222,""shrunk_impact"":0.09402293,""ci_low"":null,""ci_high"":null,""win_rate"":0.0}},""value"":0.09402293},{""row"":1,""col"":0,""kind"":""sparse"",""pair"":{""id"":""pair-090642cb9fe8766e"",""teamId"":""oe:team:d5465e862dc30f6b659b2e4965a9f0a"",""teamName"":""Team Nerotec"",""playerAId"":""oe:player:81317166070e5727aa15670f1d996b3"",""playerBId"":""oe:player:dbe75751981b890185b008df9b6542e"",""playerA"":""Lotuss"",""playerB"":""Patkica"",""stats"":{""eligible"":false,""n_games_total"":14.0,""n_games"":7.0,""n_days"":6.0,""mean_impact"":-0.06516568,""shrunk_impact"":-0.02683293,""ci_low"":-0.22255723,""ci_high"":0.17563484,""win_rate"":0.14285714}},""value"":-0.02683293},{""row"":1,""col"":1,""kind"":""self"",""pair"":null,""value"":null},{""row"":1,""col"":2,""kind"":""missing"",""pair"":{""id"":""pair-598e74b0860605db"",""teamId"":""oe:team:d5465e862dc30f6b659b2e4965a9f0a"",""teamName"":""Team Nerotec"",""playerAId"":""oe:player:28c63fa3372e3ea966da602ca9137b6"",""playerBId"":""oe:player:81317166070e5727aa15670f1d996b3"",""playerA"":""RoyalKanin"",""playerB"":""Lotuss"",""stats"":{""eligible"":false,""n_games_total"":6.0,""n_games"":0.0,""n_days"":0.0,""mean_impact"":null,""shrunk_impact"":null,""ci_low"":null,""ci_high"":null,""win_rate"":null}},""value"":null},{""row"":1,""col"":3,""kind"":""sparse"",""pair"":{""id"":""pair-fb145af6ae3862ba"",""teamId"":""oe:team:d5465e862dc30f6b659b2e4965a9f0a"",""teamName"":""Team Nerotec"",""playerAId"":""oe:player:48286415b984816ee2d490a44ae4904"",""playerBId"":""oe:player:81317166070e5727aa15670f1d996b3"",""playerA"":""KatteN"",""playerB"":""Lotuss"",""stats"":{""eligible"":false,""n_games_total"":14.0,""n_games"":7.0,""n_days"":6.0,""mean_impact"":-0.47678056,""shrunk_impact"":-0.19632141,""ci_low"":-0.36691734,""ci_high"":-0.02753199,""win_rate"":0.14285714}},""value"":-0.19632141},{""row"":1,""col"":4,""kind"":""sparse"",""pair"":{""id"":""pair-888c0945bdfcf8fa"",""teamId"":""oe:team:d5465e862dc30f6b659b2e4965a9f0a"",""teamName"":""Team Nerotec"",""playerAId"":""oe:player:5b86bd7c6c1e8a571ae4cd56460e6d1"",""playerBId"":""oe:player:81317166070e5727aa15670f1d996b3"",""playerA"":""Shafu"",""playerB"":""Lotuss"",""stats"":{""eligible"":false,""n_games_total"":8.0,""n_games"":1.0,""n_days"":1.0,""mean_impact"":0.44169014,""shrunk_impact"":0.04015365,""ci_low"":null,""ci_high"":null,""win_rate"":0.0}},""value"":0.04015365},{""row"":2,""col"":0,""kind"":""missing"",""pair"":{""id"":""pair-58ddc5ffde7a0922"",""teamId"":""oe:team:d5465e862dc30f6b659b2e4965a9f0a"",""teamName"":""Team Nerotec"",""playerAId"":""oe:player:28c63fa3372e3ea966da602ca9137b6"",""playerBId"":""oe:player:dbe75751981b890185b008df9b6542e"",""playerA"":""RoyalKanin"",""playerB"":""Patkica"",""stats"":{""eligible"":false,""n_games_total"":6.0,""n_games"":0.0,""n_days"":0.0,""mean_impact"":null,""shrunk_impact"":null,""ci_low"":null,""ci_high"":null,""win_rate"":null}},""value"":null},{""row"":2,""col"":1,""kind"":""missing"",""pair"":{""id"":""pair-598e74b0860605db"",""teamId"":""oe:team:d5465e862dc30f6b659b2e4965a9f0a"",""teamName"":""Team Nerotec"",""playerAId"":""oe:player:28c63fa3372e3ea966da602ca9137b6"",""playerBId"":""oe:player:81317166070e5727aa15670f1d996b3"",""playerA"":""RoyalKanin"",""playerB"":""Lotuss"",""stats"":{""eligible"":false,""n_games_total"":6.0,""n_games"":0.0,""n_days"":0.0,""mean_impact"":null,""shrunk_impact"":null,""ci_low"":null,""ci_high"":null,""win_rate"":null}},""value"":null},{""row"":2,""col"":2,""kind"":""self"",""pair"":null,""value"":null},{""row"":2,""col"":3,""kind"":""missing"",""pair"":{""id"":""pair-275a92b8309043fe"",""teamId"":""oe:team:d5465e862dc30f6b659b2e4965a9f0a"",""teamName"":""Team Nerotec"",""playerAId"":""oe:player:28c63fa3372e3ea966da602ca9137b6"",""playerBId"":""oe:player:48286415b984816ee2d490a44ae4904"",""playerA"":""RoyalKanin"",""playerB"":""KatteN"",""stats"":{""eligible"":false,""n_games_total"":6.0,""n_games"":0.0,""n_days"":0.0,""mean_impact"":null,""shrunk_impact"":null,""ci_low"":null,""ci_high"":null,""win_rate"":null}},""value"":null},{""row"":2,""col"":4,""kind"":""missing"",""pair"":{""id"":""pair-0b3c2e152d57fdd4"",""teamId"":""oe:team:d5465e862dc30f6b659b2e4965a9f0a"",""teamName"":""Team Nerotec"",""playerAId"":""oe:player:28c63fa3372e3ea966da602ca9137b6"",""playerBId"":""oe:player:5b86bd7c6c1e8a571ae4cd56460e6d1"",""playerA"":""RoyalKanin"",""playerB"":""Shafu"",""stats"":{""eligible"":false,""n_games_total"":6.0,""n_games"":0.0,""n_days"":0.0,""mean_impact"":null,""shrunk_impact"":null,""ci_low"":null,""ci_high"":null,""win_rate"":null}},""value"":null},{""row"":3,""col"":0,""kind"":""sparse"",""pair"":{""id"":""pair-6be499b053aea153"",""teamId"":""oe:team:d5465e862dc30f6b659b2e4965a9f0a"",""teamName"":""Team Nerotec"",""playerAId"":""oe:player:48286415b984816ee2d490a44ae4904"",""playerBId"":""oe:player:dbe75751981b890185b008df9b6542e"",""playerA"":""KatteN"",""playerB"":""Patkica"",""stats"":{""eligible"":false,""n_games_total"":14.0,""n_games"":7.0,""n_days"":6.0,""mean_impact"":-0.2082431,""shrunk_impact"":-0.08574716,""ci_low"":-0.34158451,""ci_high"":0.14194198,""win_rate"":0.14285714}},""value"":-0.08574716},{""row"":3,""col"":1,""kind"":""sparse"",""pair"":{""id"":""pair-fb145af6ae3862ba"",""teamId"":""oe:team:d5465e862dc30f6b659b2e4965a9f0a"",""teamName"":""Team Nerotec"",""playerAId"":""oe:player:48286415b984816ee2d490a44ae4904"",""playerBId"":""oe:player:81317166070e5727aa15670f1d996b3"",""playerA"":""KatteN"",""playerB"":""Lotuss"",""stats"":{""eligible"":false,""n_games_total"":14.0,""n_games"":7.0,""n_days"":6.0,""mean_impact"":-0.47678056,""shrunk_impact"":-0.19632141,""ci_low"":-0.36691734,""ci_high"":-0.02753199,""win_rate"":0.14285714}},""value"":-0.19632141},{""row"":3,""col"":2,""kind"":""missing"",""pair"":{""id"":""pair-275a92b8309043fe"",""teamId"":""oe:team:d5465e862dc30f6b659b2e4965a9f0a"",""teamName"":""Team Nerotec"",""playerAId"":""oe:player:28c63fa3372e3ea966da602ca9137b6"",""playerBId"":""oe:player:48286415b984816ee2d490a44ae4904"",""playerA"":""RoyalKanin"",""playerB"":""KatteN"",""stats"":{""eligible"":false,""n_games_total"":6.0,""n_games"":0.0,""n_days"":0.0,""mean_impact"":null,""shrunk_impact"":null,""ci_low"":null,""ci_high"":null,""win_rate"":null}},""value"":null},{""row"":3,""col"":3,""kind"":""self"",""pair"":null,""value"":null},{""row"":3,""col"":4,""kind"":""sparse"",""pair"":{""id"":""pair-5e9395c4e7f677de"",""teamId"":""oe:team:d5465e862dc30f6b659b2e4965a9f0a"",""teamName"":""Team Nerotec"",""playerAId"":""oe:player:48286415b984816ee2d490a44ae4904"",""playerBId"":""oe:player:5b86bd7c6c1e8a571ae4cd56460e6d1"",""playerA"":""KatteN"",""playerB"":""Shafu"",""stats"":{""eligible"":false,""n_games_total"":8.0,""n_games"":1.0,""n_days"":1.0,""mean_impact"":0.9643505,""shrunk_impact"":0.08766823,""ci_low"":null,""ci_high"":null,""win_rate"":0.0}},""value"":0.08766823},{""row"":4,""col"":0,""kind"":""sparse"",""pair"":{""id"":""pair-adba0fe201a08c69"",""teamId"":""oe:team:d5465e862dc30f6b659b2e4965a9f0a"",""teamName"":""Team Nerotec"",""playerAId"":""oe:player:5b86bd7c6c1e8a571ae4cd56460e6d1"",""playerBId"":""oe:player:dbe75751981b890185b008df9b6542e"",""playerA"":""Shafu"",""playerB"":""Patkica"",""stats"":{""eligible"":false,""n_games_total"":8.0,""n_games"":1.0,""n_days"":1.0,""mean_impact"":1.03425222,""shrunk_impact"":0.09402293,""ci_low"":null,""ci_high"":null,""win_rate"":0.0}},""value"":0.09402293},{""row"":4,""col"":1,""kind"":""sparse"",""pair"":{""id"":""pair-888c0945bdfcf8fa"",""teamId"":""oe:team:d5465e862dc30f6b659b2e4965a9f0a"",""teamName"":""Team Nerotec"",""playerAId"":""oe:player:5b86bd7c6c1e8a571ae4cd56460e6d1"",""playerBId"":""oe:player:81317166070e5727aa15670f1d996b3"",""playerA"":""Shafu"",""playerB"":""Lotuss"",""stats"":{""eligible"":false,""n_games_total"":8.0,""n_games"":1.0,""n_days"":1.0,""mean_impact"":0.44169014,""shrunk_impact"":0.04015365,""ci_low"":null,""ci_high"":null,""win_rate"":0.0}},""value"":0.04015365},{""row"":4,""col"":2,""kind"":""missing"",""pair"":{""id"":""pair-0b3c2e152d57fdd4"",""teamId"":""oe:team:d5465e862dc30f6b659b2e4965a9f0a"",""teamName"":""Team Nerotec"",""playerAId"":""oe:player:28c63fa3372e3ea966da602ca9137b6"",""playerBId"":""oe:player:5b86bd7c6c1e8a571ae4cd56460e6d1"",""playerA"":""RoyalKanin"",""playerB"":""Shafu"",""stats"":{""eligible"":false,""n_games_total"":6.0,""n_games"":0.0,""n_days"":0.0,""mean_impact"":null,""shrunk_impact"":null,""ci_low"":null,""ci_high"":null,""win_rate"":null}},""value"":null},{""row"":4,""col"":3,""kind"":""sparse"",""pair"":{""id"":""pair-5e9395c4e7f677de"",""teamId"":""oe:team:d5465e862dc30f6b659b2e4965a9f0a"",""teamName"":""Team Nerotec"",""playerAId"":""oe:player:48286415b984816ee2d490a44ae4904"",""playerBId"":""oe:player:5b86bd7c6c1e8a571ae4cd56460e6d1"",""playerA"":""KatteN"",""playerB"":""Shafu"",""stats"":{""eligible"":false,""n_games_total"":8.0,""n_games"":1.0,""n_days"":1.0,""mean_impact"":0.9643505,""shrunk_impact"":0.08766823,""ci_low"":null,""ci_high"":null,""win_rate"":0.0}},""value"":0.08766823},{""row"":4,""col"":4,""kind"":""self"",""pair"":null,""value"":null}],""limit"":0.19632141,""hasEligiblePair"":false}"
lineup-8fa180839185a129,oe:team:4e653f6d72f24b97fb8f67d25a03c90,The Plan,2019,oe:player:24bb48091f3f1bb7302ac7f785f9d6d,FengDere,oe:player:c533f6ed4f3a8ef15bea47469115cfc,Monkey750,oe:player:92446c031dbe789c917c6da0d7ab44b,Apples,oe:player:39ffb885bfbe09aa1cf72408e10353c,Baybror,oe:player:acc1b36d8d542ce2e2ee369a40267ae,KroMAX,4,4,4,0.29407806,0.08402230,-0.07860672,0.29712569,False,0.00000000,437.94411761,1.22498982,0.20954643,0.24293085,0.18106525,0.15158934,0.19856646,0.21800860,0.24001121,0.31627848,0.24202568,0.23338097,0.13833140,0.08074260,"{""version"":1,""players"":[{""id"":""oe:player:24bb48091f3f1bb7302ac7f785f9d6d"",""name"":""FengDere"",""role"":""sup""},{""id"":""oe:player:c533f6ed4f3a8ef15bea47469115cfc"",""name"":""Monkey750"",""role"":""jng""},{""id"":""oe:player:92446c031dbe789c917c6da0d7ab44b"",""name"":""Apples"",""role"":""mid""},{""id"":""oe:player:39ffb885bfbe09aa1cf72408e10353c"",""name"":""Baybror"",""role"":""bot""},{""id"":""oe:player:acc1b36d8d542ce2e2ee369a40267ae"",""name"":""KroMAX"",""role"":""sup""}],""cells"":[{""row"":0,""col"":0,""kind"":""self"",""pair"":null,""value"":null},{""row"":0,""col"":1,""kind"":""sparse"",""pair"":{""id"":""pair-da6c06df7a13f11c"",""teamId"":""oe:team:4e653f6d72f24b97fb8f67d25a03c90"",""teamName"":""The Plan"",""playerAId"":""oe:player:24bb48091f3f1bb7302ac7f785f9d6d"",""playerBId"":""oe:player:c533f6ed4f3a8ef15bea47469115cfc"",""playerA"":""FengDere"",""playerB"":""Monkey750"",""stats"":{""eligible"":false,""n_games_total"":8.0,""n_games"":8.0,""n_days"":8.0,""mean_impact"":0.15178259,""shrunk_impact"":0.06745893,""ci_low"":-0.20210825,""ci_high"":0.35660235,""win_rate"":0.0}},""value"":0.06745893},{""row"":0,""col"":2,""kind"":""sparse"",""pair"":{""id"":""pair-83bccaee0b76d7ae"",""teamId"":""oe:team:4e653f6d72f24b97fb8f67d25a03c90"",""teamName"":""The Plan"",""playerAId"":""oe:player:24bb48091f3f1bb7302ac7f785f9d6d"",""playerBId"":""oe:player:92446c031dbe789c917c6da0d7ab44b"",""playerA"":""FengDere"",""playerB"":""Apples"",""stats"":{""eligible"":false,""n_games_total"":9.0,""n_games"":9.0,""n_days"":9.0,""mean_impact"":-0.02433933,""shrunk_impact"":-0.01152915,""ci_low"":-0.17380342,""ci_high"":0.1526505,""win_rate"":0.11111111}},""value"":-0.01152915},{""row"":0,""col"":3,""kind"":""sparse"",""pair"":{""id"":""pair-afd1c62d4be26498"",""teamId"":""oe:team:4e653f6d72f24b97fb8f67d25a03c90"",""teamName"":""The Plan"",""playerAId"":""oe:player:24bb48091f3f1bb7302ac7f785f9d6d"",""playerBId"":""oe:player:39ffb885bfbe09aa1cf72408e10353c"",""playerA"":""FengDere"",""playerB"":""Baybror"",""stats"":{""eligible"":false,""n_games_total"":8.0,""n_games"":8.0,""n_days"":8.0,""mean_impact"":-0.17485278,""shrunk_impact"":-0.07771235,""ci_low"":-0.3033231,""ci_high"":0.17388933,""win_rate"":0.0}},""value"":-0.07771235},{""row"":0,""col"":4,""kind"":""eligible"",""pair"":{""id"":""pair-13674d19460c6de1"",""teamId"":""oe:team:4e653f6d72f24b97fb8f67d25a03c90"",""teamName"":""The Plan"",""playerAId"":""oe:player:24bb48091f3f1bb7302ac7f785f9d6d"",""playerBId"":""oe:player:acc1b36d8d542ce2e2ee369a40267ae"",""playerA"":""FengDere"",""playerB"":""KroMAX"",""stats"":{""eligible"":true,""n_games_total"":12.0,""n_games"":12.0,""n_days"":12.0,""mean_impact"":-0.22154816,""shrunk_impact"":-0.12084445,""ci_low"":-0.35845969,""ci_high"":0.21559237,""win_rate"":0.08333333}},""value"":-0.12084445},{""row"":1,""col"":0,""kind"":""sparse"",""pair"":{""id"":""pair-da6c06df7a13f11c"",""teamId"":""oe:team:4e653f6d72f24b97fb8f67d25a03c90"",""teamName"":""The Plan"",""playerAId"":""oe:player:24bb48091f3f1bb7302ac7f785f9d6d"",""playerBId"":""oe:player:c533f6ed4f3a8ef15bea47469115cfc"",""playerA"":""FengDere"",""playerB"":""Monkey750"",""stats"":{""eligible"":false,""n_games_total"":8.0,""n_games"":8.0,""n_days"":8.0,""mean_impact"":0.15178259,""shrunk_impact"":0.06745893,""ci_low"":-0.20210825,""ci_high"":0.35660235,""win_rate"":0.0}},""value"":0.06745893},{""row"":1,""col"":1,""kind"":""self"",""pair"":null,""value"":null},{""row"":1,""col"":2,""kind"":""sparse"",""pair"":{""id"":""pair-7c07f9fa399594c2"",""teamId"":""oe:team:4e653f6d72f24b97fb8f67d25a03c90"",""teamName"":""The Plan"",""playerAId"":""oe:player:92446c031dbe789c917c6da0d7ab44b"",""playerBId"":""oe:player:c533f6ed4f3a8ef15bea47469115cfc"",""playerA"":""Apples"",""playerB"":""Monkey750"",""stats"":{""eligible"":false,""n_games_total"":4.0,""n_games"":4.0,""n_days"":4.0,""mean_impact"":0.93814199,""shrunk_impact"":0.26804057,""ci_low"":0.06450829,""ci_high"":0.47157284,""win_rate"":0.0}},""value"":0.26804057},{""row"":1,""col"":3,""kind"":""sparse"",""pair"":{""id"":""pair-f03ac933d13fe0fa"",""teamId"":""oe:team:4e653f6d72f24b97fb8f67d25a03c90"",""teamName"":""The Plan"",""playerAId"":""oe:player:39ffb885bfbe09aa1cf72408e10353c"",""playerBId"":""oe:player:c533f6ed4f3a8ef15bea47469115cfc"",""playerA"":""Baybror"",""playerB"":""Monkey750"",""stats"":{""eligible"":false,""n_games_total"":8.0,""n_games"":8.0,""n_days"":8.0,""mean_impact"":0.01416524,""shrunk_impact"":0.00629566,""ci_low"":-0.29648768,""ci_high"":0.34390092,""win_rate"":0.0}},""value"":0.00629566},{""row"":1,""col"":4,""kind"":""sparse"",""pair"":{""id"":""pair-86ad20a197098059"",""teamId"":""oe:team:4e653f6d72f24b97fb8f67d25a03c90"",""teamName"":""The Plan"",""playerAId"":""oe:player:acc1b36d8d542ce2e2ee369a40267ae"",""playerBId"":""oe:player:c533f6ed4f3a8ef15bea47469115cfc"",""playerA"":""KroMAX"",""playerB"":""Monkey750"",""stats"":{""eligible"":false,""n_games_total"":7.0,""n_games"":7.0,""n_days"":7.0,""mean_impact"":0.17757797,""shrunk_impact"":0.07312034,""ci_low"":-0.20214738,""ci_high"":0.39277538,""win_rate"":0.0}},""value"":0.07312034},{""row"":2,""col"":0,""kind"":""sparse"",""pair"":{""id"":""pair-83bccaee0b76d7ae"",""teamId"":""oe:team:4e653f6d72f24b97fb8f67d25a03c90"",""teamName"":""The Plan"",""playerAId"":""oe:player:24bb48091f3f1bb7302ac7f785f9d6d"",""playerBId"":""oe:player:92446c031dbe789c917c6da0d7ab44b"",""playerA"":""FengDere"",""playerB"":""Apples"",""stats"":{""eligible"":false,""n_games_total"":9.0,""n_games"":9.0,""n_days"":9.0,""mean_impact"":-0.02433933,""shrunk_impact"":-0.01152915,""ci_low"":-0.17380342,""ci_high"":0.1526505,""win_rate"":0.11111111}},""value"":-0.01152915},{""row"":2,""col"":1,""kind"":""sparse"",""pair"":{""id"":""pair-7c07f9fa399594c2"",""teamId"":""oe:team:4e653f6d72f24b97fb8f67d25a03c90"",""teamName"":""The Plan"",""playerAId"":""oe:player:92446c031dbe789c917c6da0d7ab44b"",""playerBId"":""oe:player:c533f6ed4f3a8ef15bea47469115cfc"",""playerA"":""Apples"",""playerB"":""Monkey750"",""stats"":{""eligible"":false,""n_games_total"":4.0,""n_games"":4.0,""n_days"":4.0,""mean_impact"":0.93814199,""shrunk_impact"":0.26804057,""ci_low"":0.06450829,""ci_high"":0.47157284,""win_rate"":0.0}},""value"":0.26804057},{""row"":2,""col"":2,""kind"":""self"",""pair"":null,""value"":null},{""row"":2,""col"":3,""kind"":""sparse"",""pair"":{""id"":""pair-f8e54d25429b059c"",""teamId"":""oe:team:4e653f6d72f24b97fb8f67d25a03c90"",""teamName"":""The Plan"",""playerAId"":""oe:player:39ffb885bfbe09aa1cf72408e10353c"",""playerBId"":""oe:player:92446c031dbe789c917c6da0d7ab44b"",""playerA"":""Baybror"",""playerB"":""Apples"",""stats"":{""eligible"":false,""n_games_total"":4.0,""n_games"":4.0,""n_days"":4.0,""mean_impact"":0.62286801,""shrunk_impact"":0.17796229,""ci_low"":0.01698181,""ci_high"":0.39515606,""win_rate"":0.0}},""value"":0.17796229},{""row"":2,""col"":4,""kind"":""eligible"",""pair"":{""id"":""pair-e7c692b0121868d6"",""teamId"":""oe:team:4e653f6d72f24b97fb8f67d25a03c90"",""teamName"":""The Plan"",""playerAId"":""oe:player:92446c031dbe789c917c6da0d7ab44b"",""playerBId"":""oe:player:acc1b36d8d542ce2e2ee369a40267ae"",""playerA"":""Apples"",""playerB"":""KroMAX"",""stats"":{""eligible"":true,""n_games_total"":10.0,""n_games"":10.0,""n_days"":10.0,""mean_impact"":-0.08514323,""shrunk_impact"":-0.04257161,""ci_low"":-0.25712445,""ci_high"":0.19819192,""win_rate"":0.2}},""value"":-0.04257161},{""row"":3,""col"":0,""kind"":""sparse"",""pair"":{""id"":""pair-afd1c62d4be26498"",""teamId"":""oe:team:4e653f6d72f24b97fb8f67d25a03c90"",""teamName"":""The Plan"",""playerAId"":""oe:player:24bb48091f3f1bb7302ac7f785f9d6d"",""playerBId"":""oe:player:39ffb885bfbe09aa1cf72408e10353c"",""playerA"":""FengDere"",""playerB"":""Baybror"",""stats"":{""eligible"":false,""n_games_total"":8.0,""n_games"":8.0,""n_days"":8.0,""mean_impact"":-0.17485278,""shrunk_impact"":-0.07771235,""ci_low"":-0.3033231,""ci_high"":0.17388933,""win_rate"":0.0}},""value"":-0.07771235},{""row"":3,""col"":1,""kind"":""sparse"",""pair"":{""id"":""pair-f03ac933d13fe0fa"",""teamId"":""oe:team:4e653f6d72f24b97fb8f67d25a03c90"",""teamName"":""The Plan"",""playerAId"":""oe:player:39ffb885bfbe09aa1cf72408e10353c"",""playerBId"":""oe:player:c533f6ed4f3a8ef15bea47469115cfc"",""playerA"":""Baybror"",""playerB"":""Monkey750"",""stats"":{""eligible"":false,""n_games_total"":8.0,""n_games"":8.0,""n_days"":8.0,""mean_impact"":0.01416524,""shrunk_impact"":0.00629566,""ci_low"":-0.29648768,""ci_high"":0.34390092,""win_rate"":0.0}},""value"":0.00629566},{""row"":3,""col"":2,""kind"":""sparse"",""pair"":{""id"":""pair-f8e54d25429b059c"",""teamId"":""oe:team:4e653f6d72f24b97fb8f67d25a03c90"",""teamName"":""The Plan"",""playerAId"":""oe:player:39ffb885bfbe09aa1cf72408e10353c"",""playerBId"":""oe:player:92446c031dbe789c917c6da0d7ab44b"",""playerA"":""Baybror"",""playerB"":""Apples"",""stats"":{""eligible"":false,""n_games_total"":4.0,""n_games"":4.0,""n_days"":4.0,""mean_impact"":0.62286801,""shrunk_impact"":0.17796229,""ci_low"":0.01698181,""ci_high"":0.39515606,""win_rate"":0.0}},""value"":0.17796229},{""row"":3,""col"":3,""kind"":""self"",""pair"":null,""value"":null},{""row"":3,""col"":4,""kind"":""sparse"",""pair"":{""id"":""pair-36f9bdd7d1c06dae"",""teamId"":""oe:team:4e653f6d72f24b97fb8f67d25a03c90"",""teamName"":""The Plan"",""playerAId"":""oe:player:39ffb885bfbe09aa1cf72408e10353c"",""playerBId"":""oe:player:acc1b36d8d542ce2e2ee369a40267ae"",""playerA"":""Baybror"",""playerB"":""KroMAX"",""stats"":{""eligible"":false,""n_games_total"":7.0,""n_games"":7.0,""n_days"":7.0,""mean_impact"":-0.27856744,""shrunk_impact"":-0.11470424,""ci_low"":-0.40901421,""ci_high"":0.22786894,""win_rate"":0.0}},""value"":-0.11470424},{""row"":4,""col"":0,""kind"":""eligible"",""pair"":{""id"":""pair-13674d19460c6de1"",""teamId"":""oe:team:4e653f6d72f24b97fb8f67d25a03c90"",""teamName"":""The Plan"",""playerAId"":""oe:player:24bb48091f3f1bb7302ac7f785f9d6d"",""playerBId"":""oe:player:acc1b36d8d542ce2e2ee369a40267ae"",""playerA"":""FengDere"",""playerB"":""KroMAX"",""stats"":{""eligible"":true,""n_games_total"":12.0,""n_games"":12.0,""n_days"":12.0,""mean_impact"":-0.22154816,""shrunk_impact"":-0.12084445,""ci_low"":-0.35845969,""ci_high"":0.21559237,""win_rate"":0.08333333}},""value"":-0.12084445},{""row"":4,""col"":1,""kind"":""sparse"",""pair"":{""id"":""pair-86ad20a197098059"",""teamId"":""oe:team:4e653f6d72f24b97fb8f67d25a03c90"",""teamName"":""The Plan"",""playerAId"":""oe:player:acc1b36d8d542ce2e2ee369a40267ae"",""playerBId"":""oe:player:c533f6ed4f3a8ef15bea47469115cfc"",""playerA"":""KroMAX"",""playerB"":""Monkey750"",""stats"":{""eligible"":false,""n_games_total"":7.0,""n_games"":7.0,""n_days"":7.0,""mean_impact"":0.17757797,""shrunk_impact"":0.07312034,""ci_low"":-0.20214738,""ci_high"":0.39277538,""win_rate"":0.0}},""value"":0.07312034},{""row"":4,""col"":2,""kind"":""eligible"",""pair"":{""id"":""pair-e7c692b0121868d6"",""teamId"":""oe:team:4e653f6d72f24b97fb8f67d25a03c90"",""teamName"":""The Plan"",""playerAId"":""oe:player:92446c031dbe789c917c6da0d7ab44b"",""playerBId"":""oe:player:acc1b36d8d542ce2e2ee369a40267ae"",""playerA"":""Apples"",""playerB"":""KroMAX"",""stats"":{""eligible"":true,""n_games_total"":10.0,""n_games"":10.0,""n_days"":10.0,""mean_impact"":-0.08514323,""shrunk_impact"":-0.04257161,""ci_low"":-0.25712445,""ci_high"":0.19819192,""win_rate"":0.2}},""value"":-0.04257161},{""row"":4,""col"":3,""kind"":""sparse"",""pair"":{""id"":""pair-36f9bdd7d1c06dae"",""teamId"":""oe:team:4e653f6d72f24b97fb8f67d25a03c90"",""teamName"":""The Plan"",""playerAId"":""oe:player:39ffb885bfbe09aa1cf72408e10353c"",""playerBId"":""oe:player:acc1b36d8d542ce2e2ee369a40267ae"",""playerA"":""Baybror"",""playerB"":""KroMAX"",""stats"":{""eligible"":false,""n_games_total"":7.0,""n_games"":7.0,""n_days"":7.0,""mean_impact"":-0.27856744,""shrunk_impact"":-0.11470424,""ci_low"":-0.40901421,""ci_high"":0.22786894,""win_rate"":0.0}},""value"":-0.11470424},{""row"":4,""col"":4,""kind"":""self"",""pair"":null,""value"":null}],""limit"":0.26804057,""hasEligiblePair"":true}"
lineup-92363795af32f41b,oe:team:6e30eb8b4abb3420042ac3a2eef5f23,Upper Echelon,2019,oe:player:1e46a840a80e3203f415214656b7279,Hahster,oe:player:59d3e9c49ec3cdfe1f3cc242209ff03,Cheelm,oe:player:f68ab895a114867a49782062397008e,iTK,oe:player:b3447b8c201d112b101008ecb320d5f,Hyper,oe:player:70e2bc3b67129fbc971072408ff6b96,Nadro,1,1,1,-0.10189910,-0.00926355,,,False,0.00000000,319.98040416,1.15370484,0.20749726,0.20690641,0.23622936,0.15131821,0.18935510,0.24095168,0.20146761,0.23766765,0.23987488,0.20730755,0.13307305,0.16275491,"{""version"":1,""players"":[{""id"":""oe:player:1e46a840a80e3203f415214656b7279"",""name"":""Hahster"",""role"":""top""},{""id"":""oe:player:59d3e9c49ec3cdfe1f3cc242209ff03"",""name"":""Cheelm"",""role"":""jng""},{""id"":""oe:player:f68ab895a114867a49782062397008e"",""name"":""iTK"",""role"":""bot""},{""id"":""oe:player:b3447b8c201d112b101008ecb320d5f"",""name"":""Hyper"",""role"":""bot""},{""id"":""oe:player:70e2bc3b67129fbc971072408ff6b96"",""name"":""Nadro"",""role"":""sup""}],""cells"":[{""row"":0,""col"":0,""kind"":""self"",""pair"":null,""value"":null},{""row"":0,""col"":1,""kind"":""eligible"",""pair"":{""id"":""pair-8185e29f7c17fcce"",""teamId"":""oe:team:6e30eb8b4abb3420042ac3a2eef5f23"",""teamName"":""Upper Echelon"",""playerAId"":""oe:player:1e46a840a80e3203f415214656b7279"",""playerBId"":""oe:player:59d3e9c49ec3cdfe1f3cc242209ff03"",""playerA"":""Hahster"",""playerB"":""Cheelm"",""stats"":{""eligible"":true,""n_games_total"":14.0,""n_games"":14.0,""n_days"":14.0,""mean_impact"":0.11866893,""shrunk_impact"":0.06922354,""ci_low"":-0.1675417,""ci_high"":0.31992927,""win_rate"":0.42857143}},""value"":0.06922354},{""row"":0,""col"":2,""kind"":""eligible"",""pair"":{""id"":""pair-1b2f32cf39ac5d31"",""teamId"":""oe:team:6e30eb8b4abb3420042ac3a2eef5f23"",""teamName"":""Upper Echelon"",""playerAId"":""oe:player:1e46a840a80e3203f415214656b7279"",""playerBId"":""oe:player:f68ab895a114867a49782062397008e"",""playerA"":""Hahster"",""playerB"":""iTK"",""stats"":{""eligible"":true,""n_games_total"":12.0,""n_games"":12.0,""n_days"":12.0,""mean_impact"":-0.04921521,""shrunk_impact"":-0.02684466,""ci_low"":-0.35718696,""ci_high"":0.34933511,""win_rate"":0.41666667}},""value"":-0.02684466},{""row"":0,""col"":3,""kind"":""sparse"",""pair"":{""id"":""pair-5c615653d1b0ea32"",""teamId"":""oe:team:6e30eb8b4abb3420042ac3a2eef5f23"",""teamName"":""Upper Echelon"",""playerAId"":""oe:player:1e46a840a80e3203f415214656b7279"",""playerBId"":""oe:player:b3447b8c201d112b101008ecb320d5f"",""playerA"":""Hahster"",""playerB"":""Hyper"",""stats"":{""eligible"":false,""n_games_total"":3.0,""n_games"":3.0,""n_days"":3.0,""mean_impact"":0.41021076,""shrunk_impact"":0.09466402,""ci_low"":-0.14880305,""ci_high"":0.24360819,""win_rate"":0.33333333}},""value"":0.09466402},{""row"":0,""col"":4,""kind"":""sparse"",""pair"":{""id"":""pair-4a16a99f6554e533"",""teamId"":""oe:team:6e30eb8b4abb3420042ac3a2eef5f23"",""teamName"":""Upper Echelon"",""playerAId"":""oe:player:1e46a840a80e3203f415214656b7279"",""playerBId"":""oe:player:70e2bc3b67129fbc971072408ff6b96"",""playerA"":""Hahster"",""playerB"":""Nadro"",""stats"":{""eligible"":false,""n_games_total"":2.0,""n_games"":2.0,""n_days"":2.0,""mean_impact"":-0.00850697,""shrunk_impact"":-0.00141783,""ci_low"":null,""ci_high"":null,""win_rate"":0.0}},""value"":-0.00141783},{""row"":1,""col"":0,""kind"":""eligible"",""pair"":{""id"":""pair-8185e29f7c17fcce"",""teamId"":""oe:team:6e30eb8b4abb3420042ac3a2eef5f23"",""teamName"":""Upper Echelon"",""playerAId"":""oe:player:1e46a840a80e3203f415214656b7279"",""playerBId"":""oe:player:59d3e9c49ec3cdfe1f3cc242209ff03"",""playerA"":""Hahster"",""playerB"":""Cheelm"",""stats"":{""eligible"":true,""n_games_total"":14.0,""n_games"":14.0,""n_days"":14.0,""mean_impact"":0.11866893,""shrunk_impact"":0.06922354,""ci_low"":-0.1675417,""ci_high"":0.31992927,""win_rate"":0.42857143}},""value"":0.06922354},{""row"":1,""col"":1,""kind"":""self"",""pair"":null,""value"":null},{""row"":1,""col"":2,""kind"":""eligible"",""pair"":{""id"":""pair-344ece095dc8ecfa"",""teamId"":""oe:team:6e30eb8b4abb3420042ac3a2eef5f23"",""teamName"":""Upper Echelon"",""playerAId"":""oe:player:59d3e9c49ec3cdfe1f3cc242209ff03"",""playerBId"":""oe:player:f68ab895a114867a49782062397008e"",""playerA"":""Cheelm"",""playerB"":""iTK"",""stats"":{""eligible"":true,""n_games_total"":12.0,""n_games"":12.0,""n_days"":12.0,""mean_impact"":0.00786614,""shrunk_impact"":0.00429062,""ci_low"":-0.26843782,""ci_high"":0.25506856,""win_rate"":0.41666667}},""value"":0.00429062},{""row"":1,""col"":3,""kind"":""sparse"",""pair"":{""id"":""pair-f04030ef08a9f503"",""teamId"":""oe:team:6e30eb8b4abb3420042ac3a2eef5f23"",""teamName"":""Upper Echelon"",""playerAId"":""oe:player:59d3e9c49ec3cdfe1f3cc242209ff03"",""playerBId"":""oe:player:b3447b8c201d112b101008ecb320d5f"",""playerA"":""Cheelm"",""playerB"":""Hyper"",""stats"":{""eligible"":false,""n_games_total"":3.0,""n_games"":3.0,""n_days"":3.0,""mean_impact"":0.34600669,""shrunk_impact"":0.0798477,""ci_low"":-0.00065927,""ci_high"":0.17660473,""win_rate"":0.33333333}},""value"":0.0798477},{""row"":1,""col"":4,""kind"":""sparse"",""pair"":{""id"":""pair-a34f5f914e4840aa"",""teamId"":""oe:team:6e30eb8b4abb3420042ac3a2eef5f23"",""teamName"":""Upper Echelon"",""playerAId"":""oe:player:59d3e9c49ec3cdfe1f3cc242209ff03"",""playerBId"":""oe:player:70e2bc3b67129fbc971072408ff6b96"",""playerA"":""Cheelm"",""playerB"":""Nadro"",""stats"":{""eligible"":false,""n_games_total"":2.0,""n_games"":2.0,""n_days"":2.0,""mean_impact"":-0.09368189,""shrunk_impact"":-0.01561365,""ci_low"":null,""ci_high"":null,""win_rate"":0.0}},""value"":-0.01561365},{""row"":2,""col"":0,""kind"":""eligible"",""pair"":{""id"":""pair-1b2f32cf39ac5d31"",""teamId"":""oe:team:6e30eb8b4abb3420042ac3a2eef5f23"",""teamName"":""Upper Echelon"",""playerAId"":""oe:player:1e46a840a80e3203f415214656b7279"",""playerBId"":""oe:player:f68ab895a114867a49782062397008e"",""playerA"":""Hahster"",""playerB"":""iTK"",""stats"":{""eligible"":true,""n_games_total"":12.0,""n_games"":12.0,""n_days"":12.0,""mean_impact"":-0.04921521,""shrunk_impact"":-0.02684466,""ci_low"":-0.35718696,""ci_high"":0.34933511,""win_rate"":0.41666667}},""value"":-0.02684466},{""row"":2,""col"":1,""kind"":""eligible"",""pair"":{""id"":""pair-344ece095dc8ecfa"",""teamId"":""oe:team:6e30eb8b4abb3420042ac3a2eef5f23"",""teamName"":""Upper Echelon"",""playerAId"":""oe:player:59d3e9c49ec3cdfe1f3cc242209ff03"",""playerBId"":""oe:player:f68ab895a114867a49782062397008e"",""playerA"":""Cheelm"",""playerB"":""iTK"",""stats"":{""eligible"":true,""n_games_total"":12.0,""n_games"":12.0,""n_days"":12.0,""mean_impact"":0.00786614,""shrunk_impact"":0.00429062,""ci_low"":-0.26843782,""ci_high"":0.25506856,""win_rate"":0.41666667}},""value"":0.00429062},{""row"":2,""col"":2,""kind"":""self"",""pair"":null,""value"":null},{""row"":2,""col"":3,""kind"":""sparse"",""pair"":{""id"":""pair-99f1d5c83e7e546b"",""teamId"":""oe:team:6e30eb8b4abb3420042ac3a2eef5f23"",""teamName"":""Upper Echelon"",""playerAId"":""oe:player:b3447b8c201d112b101008ecb320d5f"",""playerBId"":""oe:player:f68ab895a114867a49782062397008e"",""playerA"":""Hyper"",""playerB"":""iTK"",""stats"":{""eligible"":false,""n_games_total"":1.0,""n_games"":1.0,""n_days"":1.0,""mean_impact"":-0.57138822,""shrunk_impact"":-0.05194438,""ci_low"":null,""ci_high"":null,""win_rate"":0.0}},""value"":-0.05194438},{""row"":2,""col"":4,""kind"":""sparse"",""pair"":{""id"":""pair-a906bcca346d3129"",""teamId"":""oe:team:6e30eb8b4abb3420042ac3a2eef5f23"",""teamName"":""Upper Echelon"",""playerAId"":""oe:player:70e2bc3b67129fbc971072408ff6b96"",""playerBId"":""oe:player:f68ab895a114867a49782062397008e"",""playerA"":""Nadro"",""playerB"":""iTK"",""stats"":{""eligible"":false,""n_games_total"":2.0,""n_games"":2.0,""n_days"":2.0,""mean_impact"":-0.40164462,""shrunk_impact"":-0.06694077,""ci_low"":null,""ci_high"":null,""win_rate"":0.0}},""value"":-0.06694077},{""row"":3,""col"":0,""kind"":""sparse"",""pair"":{""id"":""pair-5c615653d1b0ea32"",""teamId"":""oe:team:6e30eb8b4abb3420042ac3a2eef5f23"",""teamName"":""Upper Echelon"",""playerAId"":""oe:player:1e46a840a80e3203f415214656b7279"",""playerBId"":""oe:player:b3447b8c201d112b101008ecb320d5f"",""playerA"":""Hahster"",""playerB"":""Hyper"",""stats"":{""eligible"":false,""n_games_total"":3.0,""n_games"":3.0,""n_days"":3.0,""mean_impact"":0.41021076,""shrunk_impact"":0.09466402,""ci_low"":-0.14880305,""ci_high"":0.24360819,""win_rate"":0.33333333}},""value"":0.09466402},{""row"":3,""col"":1,""kind"":""sparse"",""pair"":{""id"":""pair-f04030ef08a9f503"",""teamId"":""oe:team:6e30eb8b4abb3420042ac3a2eef5f23"",""teamName"":""Upper Echelon"",""playerAId"":""oe:player:59d3e9c49ec3cdfe1f3cc242209ff03"",""playerBId"":""oe:player:b3447b8c201d112b101008ecb320d5f"",""playerA"":""Cheelm"",""playerB"":""Hyper"",""stats"":{""eligible"":false,""n_games_total"":3.0,""n_games"":3.0,""n_days"":3.0,""mean_impact"":0.34600669,""shrunk_impact"":0.0798477,""ci_low"":-0.00065927,""ci_high"":0.17660473,""win_rate"":0.33333333}},""value"":0.0798477},{""row"":3,""col"":2,""kind"":""sparse"",""pair"":{""id"":""pair-99f1d5c83e7e546b"",""teamId"":""oe:team:6e30eb8b4abb3420042ac3a2eef5f23"",""teamName"":""Upper Echelon"",""playerAId"":""oe:player:b3447b8c201d112b101008ecb320d5f"",""playerBId"":""oe:player:f68ab895a114867a49782062397008e"",""playerA"":""Hyper"",""playerB"":""iTK"",""stats"":{""eligible"":false,""n_games_total"":1.0,""n_games"":1.0,""n_days"":1.0,""mean_impact"":-0.57138822,""shrunk_impact"":-0.05194438,""ci_low"":null,""ci_high"":null,""win_rate"":0.0}},""value"":-0.05194438},{""row"":3,""col"":3,""kind"":""self"",""pair"":null,""value"":null},{""row"":3,""col"":4,""kind"":""sparse"",""pair"":{""id"":""pair-4cc010d038b6be8a"",""teamId"":""oe:team:6e30eb8b4abb3420042ac3a2eef5f23"",""teamName"":""Upper Echelon"",""playerAId"":""oe:player:70e2bc3b67129fbc971072408ff6b96"",""playerBId"":""oe:player:b3447b8c201d112b101008ecb320d5f"",""playerA"":""Nadro"",""playerB"":""Hyper"",""stats"":{""eligible"":false,""n_games_total"":1.0,""n_games"":1.0,""n_days"":1.0,""mean_impact"":0.20843274,""shrunk_impact"":0.01894843,""ci_low"":null,""ci_high"":null,""win_rate"":0.0}},""value"":0.01894843},{""row"":4,""col"":0,""kind"":""sparse"",""pair"":{""id"":""pair-4a16a99f6554e533"",""teamId"":""oe:team:6e30eb8b4abb3420042ac3a2eef5f23"",""teamName"":""Upper Echelon"",""playerAId"":""oe:player:1e46a840a80e3203f415214656b7279"",""playerBId"":""oe:player:70e2bc3b67129fbc971072408ff6b96"",""playerA"":""Hahster"",""playerB"":""Nadro"",""stats"":{""eligible"":false,""n_games_total"":2.0,""n_games"":2.0,""n_days"":2.0,""mean_impact"":-0.00850697,""shrunk_impact"":-0.00141783,""ci_low"":null,""ci_high"":null,""win_rate"":0.0}},""value"":-0.00141783},{""row"":4,""col"":1,""kind"":""sparse"",""pair"":{""id"":""pair-a34f5f914e4840aa"",""teamId"":""oe:team:6e30eb8b4abb3420042ac3a2eef5f23"",""teamName"":""Upper Echelon"",""playerAId"":""oe:player:59d3e9c49ec3cdfe1f3cc242209ff03"",""playerBId"":""oe:player:70e2bc3b67129fbc971072408ff6b96"",""playerA"":""Cheelm"",""playerB"":""Nadro"",""stats"":{""eligible"":false,""n_games_total"":2.0,""n_games"":2.0,""n_days"":2.0,""mean_impact"":-0.09368189,""shrunk_impact"":-0.01561365,""ci_low"":null,""ci_high"":null,""win_rate"":0.0}},""value"":-0.01561365},{""row"":4,""col"":2,""kind"":""sparse"",""pair"":{""id"":""pair-a906bcca346d3129"",""teamId"":""oe:team:6e30eb8b4abb3420042ac3a2eef5f23"",""teamName"":""Upper Echelon"",""playerAId"":""oe:player:70e2bc3b67129fbc971072408ff6b96"",""playerBId"":""oe:player:f68ab895a114867a49782062397008e"",""playerA"":""Nadro"",""playerB"":""iTK"",""stats"":{""eligible"":false,""n_games_total"":2.0,""n_games"":2.0,""n_days"":2.0,""mean_impact"":-0.40164462,""shrunk_impact"":-0.06694077,""ci_low"":null,""ci_high"":null,""win_rate"":0.0}},""value"":-0.06694077},{""row"":4,""col"":3,""kind"":""sparse"",""pair"":{""id"":""pair-4cc010d038b6be8a"",""teamId"":""oe:team:6e30eb8b4abb3420042ac3a2eef5f23"",""teamName"":""Upper Echelon"",""playerAId"":""oe:player:70e2bc3b67129fbc971072408ff6b96"",""playerBId"":""oe:player:b3447b8c201d112b101008ecb320d5f"",""playerA"":""Nadro"",""playerB"":""Hyper"",""stats"":{""eligible"":false,""n_games_total"":1.0,""n_games"":1.0,""n_days"":1.0,""mean_impact"":0.20843274,""shrunk_impact"":0.01894843,""ci_low"":null,""ci_high"":null,""win_rate"":0.0}},""value"":0.01894843},{""row"":4,""col"":4,""kind"":""self"",""pair"":null,""value"":null}],""limit"":0.15,""hasEligiblePair"":true}"
lineup-9e0f67f0e0b23f29,oe:team:6e30eb8b4abb3420042ac3a2eef5f23,Upper Echelon,2019,oe:player:1e46a840a80e3203f415214656b7279,Hahster,oe:player:59d3e9c49ec3cdfe1f3cc242209ff03,Cheelm,oe:player:43e21a17cd993cd43771f7c828b8853,Deluxe,oe:player:f68ab895a114867a49782062397008e,iTK,oe:player:70e2bc3b67129fbc971072408ff6b96,Nadro,1,1,1,-0.24407404,-0.02218855,,,False,0.00000000,351.46500000,1.19250000,0.20567510,0.25246801,0.21358386,0.32595707,0.20826343,0.13552559,0.20375785,0.25161111,0.23759766,0.25158977,0.13679720,0.03531646,"{""version"":1,""players"":[{""id"":""oe:player:1e46a840a80e3203f415214656b7279"",""name"":""Hahster"",""role"":""top""},{""id"":""oe:player:59d3e9c49ec3cdfe1f3cc242209ff03"",""name"":""Cheelm"",""role"":""jng""},{""id"":""oe:player:43e21a17cd993cd43771f7c828b8853"",""name"":""Deluxe"",""role"":""mid""},{""id"":""oe:player:f68ab895a114867a49782062397008e"",""name"":""iTK"",""role"":""bot""},{""id"":""oe:player:70e2bc3b67129fbc971072408ff6b96"",""name"":""Nadro"",""role"":""sup""}],""cells"":[{""row"":0,""col"":0,""kind"":""self"",""pair"":null,""value"":null},{""row"":0,""col"":1,""kind"":""eligible"",""pair"":{""id"":""pair-8185e29f7c17fcce"",""teamId"":""oe:team:6e30eb8b4abb3420042ac3a2eef5f23"",""teamName"":""Upper Echelon"",""playerAId"":""oe:player:1e46a840a80e3203f415214656b7279"",""playerBId"":""oe:player:59d3e9c49ec3cdfe1f3cc242209ff03"",""playerA"":""Hahster"",""playerB"":""Cheelm"",""stats"":{""eligible"":true,""n_games_total"":14.0,""n_games"":14.0,""n_days"":14.0,""mean_impact"":0.11866893,""shrunk_impact"":0.06922354,""ci_low"":-0.1675417,""ci_high"":0.31992927,""win_rate"":0.42857143}},""value"":0.06922354},{""row"":0,""col"":2,""kind"":""eligible"",""pair"":{""id"":""pair-d68d106b43f5e1aa"",""teamId"":""oe:team:6e30eb8b4abb3420042ac3a2eef5f23"",""teamName"":""Upper Echelon"",""playerAId"":""oe:player:1e46a840a80e3203f415214656b7279"",""playerBId"":""oe:player:43e21a17cd993cd43771f7c828b8853"",""playerA"":""Hahster"",""playerB"":""Deluxe"",""stats"":{""eligible"":true,""n_games_total"":13.0,""n_games"":13.0,""n_days"":13.0,""mean_impact"":0.36249837,""shrunk_impact"":0.20489038,""ci_low"":-0.13040729,""ci_high"":0.54645446,""win_rate"":0.46153846}},""value"":0.20489038},{""row"":0,""col"":3,""kind"":""eligible"",""pair"":{""id"":""pair-1b2f32cf39ac5d31"",""teamId"":""oe:team:6e30eb8b4abb3420042ac3a2eef5f23"",""teamName"":""Upper Echelon"",""playerAId"":""oe:player:1e46a840a80e3203f415214656b7279"",""playerBId"":""oe:player:f68ab895a114867a49782062397008e"",""playerA"":""Hahster"",""playerB"":""iTK"",""stats"":{""eligible"":true,""n_games_total"":12.0,""n_games"":12.0,""n_days"":12.0,""mean_impact"":-0.04921521,""shrunk_impact"":-0.02684466,""ci_low"":-0.35718696,""ci_high"":0.34933511,""win_rate"":0.41666667}},""value"":-0.02684466},{""row"":0,""col"":4,""kind"":""sparse"",""pair"":{""id"":""pair-4a16a99f6554e533"",""teamId"":""oe:team:6e30eb8b4abb3420042ac3a2eef5f23"",""teamName"":""Upper Echelon"",""playerAId"":""oe:player:1e46a840a80e3203f415214656b7279"",""playerBId"":""oe:player:70e2bc3b67129fbc971072408ff6b96"",""playerA"":""Hahster"",""playerB"":""Nadro"",""stats"":{""eligible"":false,""n_games_total"":2.0,""n_games"":2.0,""n_days"":2.0,""mean_impact"":-0.00850697,""shrunk_impact"":-0.00141783,""ci_low"":null,""ci_high"":null,""win_rate"":0.0}},""value"":-0.00141783},{""row"":1,""col"":0,""kind"":""eligible"",""pair"":{""id"":""pair-8185e29f7c17fcce"",""teamId"":""oe:team:6e30eb8b4abb3420042ac3a2eef5f23"",""teamName"":""Upper Echelon"",""playerAId"":""oe:player:1e46a840a80e3203f415214656b7279"",""playerBId"":""oe:player:59d3e9c49ec3cdfe1f3cc242209ff03"",""playerA"":""Hahster"",""playerB"":""Cheelm"",""stats"":{""eligible"":true,""n_games_total"":14.0,""n_games"":14.0,""n_days"":14.0,""mean_impact"":0.11866893,""shrunk_impact"":0.06922354,""ci_low"":-0.1675417,""ci_high"":0.31992927,""win_rate"":0.42857143}},""value"":0.06922354},{""row"":1,""col"":1,""kind"":""self"",""pair"":null,""value"":null},{""row"":1,""col"":2,""kind"":""eligible"",""pair"":{""id"":""pair-a26508fd09075cef"",""teamId"":""oe:team:6e30eb8b4abb3420042ac3a2eef5f23"",""teamName"":""Upper Echelon"",""playerAId"":""oe:player:43e21a17cd993cd43771f7c828b8853"",""playerBId"":""oe:player:59d3e9c49ec3cdfe1f3cc242209ff03"",""playerA"":""Deluxe"",""playerB"":""Cheelm"",""stats"":{""eligible"":true,""n_games_total"":13.0,""n_games"":13.0,""n_days"":13.0,""mean_impact"":0.30161,""shrunk_impact"":0.17047522,""ci_low"":-0.10405121,""ci_high"":0.45275685,""win_rate"":0.46153846}},""value"":0.17047522},{""row"":1,""col"":3,""kind"":""eligible"",""pair"":{""id"":""pair-344ece095dc8ecfa"",""teamId"":""oe:team:6e30eb8b4abb3420042ac3a2eef5f23"",""teamName"":""Upper Echelon"",""playerAId"":""oe:player:59d3e9c49ec3cdfe1f3cc242209ff03"",""playerBId"":""oe:player:f68ab895a114867a49782062397008e"",""playerA"":""Cheelm"",""playerB"":""iTK"",""stats"":{""eligible"":true,""n_games_total"":12.0,""n_games"":12.0,""n_days"":12.0,""mean_impact"":0.00786614,""shrunk_impact"":0.00429062,""ci_low"":-0.26843782,""ci_high"":0.25506856,""win_rate"":0.41666667}},""value"":0.00429062},{""row"":1,""col"":4,""kind"":""sparse"",""pair"":{""id"":""pair-a34f5f914e4840aa"",""teamId"":""oe:team:6e30eb8b4abb3420042ac3a2eef5f23"",""teamName"":""Upper Echelon"",""playerAId"":""oe:player:59d3e9c49ec3cdfe1f3cc242209ff03"",""playerBId"":""oe:player:70e2bc3b67129fbc971072408ff6b96"",""playerA"":""Cheelm"",""playerB"":""Nadro"",""stats"":{""eligible"":false,""n_games_total"":2.0,""n_games"":2.0,""n_days"":2.0,""mean_impact"":-0.09368189,""shrunk_impact"":-0.01561365,""ci_low"":null,""ci_high"":null,""win_rate"":0.0}},""value"":-0.01561365},{""row"":2,""col"":0,""kind"":""eligible"",""pair"":{""id"":""pair-d68d106b43f5e1aa"",""teamId"":""oe:team:6e30eb8b4abb3420042ac3a2eef5f23"",""teamName"":""Upper Echelon"",""playerAId"":""oe:player:1e46a840a80e3203f415214656b7279"",""playerBId"":""oe:player:43e21a17cd993cd43771f7c828b8853"",""playerA"":""Hahster"",""playerB"":""Deluxe"",""stats"":{""eligible"":true,""n_games_total"":13.0,""n_games"":13.0,""n_days"":13.0,""mean_impact"":0.36249837,""shrunk_impact"":0.20489038,""ci_low"":-0.13040729,""ci_high"":0.54645446,""win_rate"":0.46153846}},""value"":0.20489038},{""row"":2,""col"":1,""kind"":""eligible"",""pair"":{""id"":""pair-a26508fd09075cef"",""teamId"":""oe:team:6e30eb8b4abb3420042ac3a2eef5f23"",""teamName"":""Upper Echelon"",""playerAId"":""oe:player:43e21a17cd993cd43771f7c828b8853"",""playerBId"":""oe:player:59d3e9c49ec3cdfe1f3cc242209ff03"",""playerA"":""Deluxe"",""playerB"":""Cheelm"",""stats"":{""eligible"":true,""n_games_total"":13.0,""n_games"":13.0,""n_days"":13.0,""mean_impact"":0.30161,""shrunk_impact"":0.17047522,""ci_low"":-0.10405121,""ci_high"":0.45275685,""win_rate"":0.46153846}},""value"":0.17047522},{""row"":2,""col"":2,""kind"":""self"",""pair"":null,""value"":null},{""row"":2,""col"":3,""kind"":""eligible"",""pair"":{""id"":""pair-08880523536b007d"",""teamId"":""oe:team:6e30eb8b4abb3420042ac3a2eef5f23"",""teamName"":""Upper Echelon"",""playerAId"":""oe:player:43e21a17cd993cd43771f7c828b8853"",""playerBId"":""oe:player:f68ab895a114867a49782062397008e"",""playerA"":""Deluxe"",""playerB"":""iTK"",""stats"":{""eligible"":true,""n_games_total"":11.0,""n_games"":11.0,""n_days"":11.0,""mean_impact"":0.1560917,""shrunk_impact"":0.08176232,""ci_low"":-0.22655234,""ci_high"":0.43912818,""win_rate"":0.45454545}},""value"":0.08176232},{""row"":2,""col"":4,""kind"":""sparse"",""pair"":{""id"":""pair-4965d34cfe152b3b"",""teamId"":""oe:team:6e30eb8b4abb3420042ac3a2eef5f23"",""teamName"":""Upper Echelon"",""playerAId"":""oe:player:43e21a17cd993cd43771f7c828b8853"",""playerBId"":""oe:player:70e2bc3b67129fbc971072408ff6b96"",""playerA"":""Deluxe"",""playerB"":""Nadro"",""stats"":{""eligible"":false,""n_games_total"":1.0,""n_games"":1.0,""n_days"":1.0,""mean_impact"":-0.7511495,""shrunk_impact"":-0.06828632,""ci_low"":null,""ci_high"":null,""win_rate"":0.0}},""value"":-0.06828632},{""row"":3,""col"":0,""kind"":""eligible"",""pair"":{""id"":""pair-1b2f32cf39ac5d31"",""teamId"":""oe:team:6e30eb8b4abb3420042ac3a2eef5f23"",""teamName"":""Upper Echelon"",""playerAId"":""oe:player:1e46a840a80e3203f415214656b7279"",""playerBId"":""oe:player:f68ab895a114867a49782062397008e"",""playerA"":""Hahster"",""playerB"":""iTK"",""stats"":{""eligible"":true,""n_games_total"":12.0,""n_games"":12.0,""n_days"":12.0,""mean_impact"":-0.04921521,""shrunk_impact"":-0.02684466,""ci_low"":-0.35718696,""ci_high"":0.34933511,""win_rate"":0.41666667}},""value"":-0.02684466},{""row"":3,""col"":1,""kind"":""eligible"",""pair"":{""id"":""pair-344ece095dc8ecfa"",""teamId"":""oe:team:6e30eb8b4abb3420042ac3a2eef5f23"",""teamName"":""Upper Echelon"",""playerAId"":""oe:player:59d3e9c49ec3cdfe1f3cc242209ff03"",""playerBId"":""oe:player:f68ab895a114867a49782062397008e"",""playerA"":""Cheelm"",""playerB"":""iTK"",""stats"":{""eligible"":true,""n_games_total"":12.0,""n_games"":12.0,""n_days"":12.0,""mean_impact"":0.00786614,""shrunk_impact"":0.00429062,""ci_low"":-0.26843782,""ci_high"":0.25506856,""win_rate"":0.41666667}},""value"":0.00429062},{""row"":3,""col"":2,""kind"":""eligible"",""pair"":{""id"":""pair-08880523536b007d"",""teamId"":""oe:team:6e30eb8b4abb3420042ac3a2eef5f23"",""teamName"":""Upper Echelon"",""playerAId"":""oe:player:43e21a17cd993cd43771f7c828b8853"",""playerBId"":""oe:player:f68ab895a114867a49782062397008e"",""playerA"":""Deluxe"",""playerB"":""iTK"",""stats"":{""eligible"":true,""n_games_total"":11.0,""n_games"":11.0,""n_days"":11.0,""mean_impact"":0.1560917,""shrunk_impact"":0.08176232,""ci_low"":-0.22655234,""ci_high"":0.43912818,""win_rate"":0.45454545}},""value"":0.08176232},{""row"":3,""col"":3,""kind"":""self"",""pair"":null,""value"":null},{""row"":3,""col"":4,""kind"":""sparse"",""pair"":{""id"":""pair-a906bcca346d3129"",""teamId"":""oe:team:6e30eb8b4abb3420042ac3a2eef5f23"",""teamName"":""Upper Echelon"",""playerAId"":""oe:player:70e2bc3b67129fbc971072408ff6b96"",""playerBId"":""oe:player:f68ab895a114867a49782062397008e"",""playerA"":""Nadro"",""playerB"":""iTK"",""stats"":{""eligible"":false,""n_games_total"":2.0,""n_games"":2.0,""n_days"":2.0,""mean_impact"":-0.40164462,""shrunk_impact"":-0.06694077,""ci_low"":null,""ci_high"":null,""win_rate"":0.0}},""value"":-0.06694077},{""row"":4,""col"":0,""kind"":""sparse"",""pair"":{""id"":""pair-4a16a99f6554e533"",""teamId"":""oe:team:6e30eb8b4abb3420042ac3a2eef5f23"",""teamName"":""Upper Echelon"",""playerAId"":""oe:player:1e46a840a80e3203f415214656b7279"",""playerBId"":""oe:player:70e2bc3b67129fbc971072408ff6b96"",""playerA"":""Hahster"",""playerB"":""Nadro"",""stats"":{""eligible"":false,""n_games_total"":2.0,""n_games"":2.0,""n_days"":2.0,""mean_impact"":-0.00850697,""shrunk_impact"":-0.00141783,""ci_low"":null,""ci_high"":null,""win_rate"":0.0}},""value"":-0.00141783},{""row"":4,""col"":1,""kind"":""sparse"",""pair"":{""id"":""pair-a34f5f914e4840aa"",""teamId"":""oe:team:6e30eb8b4abb3420042ac3a2eef5f23"",""teamName"":""Upper Echelon"",""playerAId"":""oe:player:59d3e9c49ec3cdfe1f3cc242209ff03"",""playerBId"":""oe:player:70e2bc3b67129fbc971072408ff6b96"",""playerA"":""Cheelm"",""playerB"":""Nadro"",""stats"":{""eligible"":false,""n_games_total"":2.0,""n_games"":2.0,""n_days"":2.0,""mean_impact"":-0.09368189,""shrunk_impact"":-0.01561365,""ci_low"":null,""ci_high"":null,""win_rate"":0.0}},""value"":-0.01561365},{""row"":4,""col"":2,""kind"":""sparse"",""pair"":{""id"":""pair-4965d34cfe152b3b"",""teamId"":""oe:team:6e30eb8b4abb3420042ac3a2eef5f23"",""teamName"":""Upper Echelon"",""playerAId"":""oe:player:43e21a17cd993cd43771f7c828b8853"",""playerBId"":""oe:player:70e2bc3b67129fbc971072408ff6b96"",""playerA"":""Deluxe"",""playerB"":""Nadro"",""stats"":{""eligible"":false,""n_games_total"":1.0,""n_games"":1.0,""n_days"":1.0,""mean_impact"":-0.7511495,""shrunk_impact"":-0.06828632,""ci_low"":null,""ci_high"":null,""win_rate"":0.0}},""value"":-0.06828632},{""row"":4,""col"":3,""kind"":""sparse"",""pair"":{""id"":""pair-a906bcca346d3129"",""teamId"":""oe:team:6e30eb8b4abb3420042ac3a2eef5f23"",""teamName"":""Upper Echelon"",""playerAId"":""oe:player:70e2bc3b67129fbc971072408ff6b96"",""playerBId"":""oe:player:f68ab895a114867a49782062397008e"",""playerA"":""Nadro"",""playerB"":""iTK"",""stats"":{""eligible"":false,""n_games_total"":2.0,""n_games"":2.0,""n_days"":2.0,""mean_impact"":-0.40164462,""shrunk_impact"":-0.06694077,""ci_low"":null,""ci_high"":null,""win_rate"":0.0}},""value"":-0.06694077},{""row"":4,""col"":4,""kind"":""self"",""pair"":null,""value"":null}],""limit"":0.20489038,""hasEligiblePair"":true}"
lineup-a27a23633a81301f,oe:team:3921fffdab4f130255658ea322e1ab6,x25 Esports,2019,oe:player:f7bd515227bda9d65b8f4cc7475ad06,Duke Anton,oe:player:84ffdf6566c6585114da1ccd9b6a3e3,Jocke,oe:player:5ee6f2e1b3c6000a67c9dc360a63c63,twohoyrz,oe:player:5c58c2e986e8aec0ee6f2465823349a,GOLDENTO4ST,oe:player:85b3b3e91202ccada9f1f5a24dc1bfb,Cl0x,3,3,3,0.30181539,0.06964971,-0.08263338,0.17528962,False,0.33333333,425.49794315,1.30372727,0.20549681,0.23467971,0.18772120,0.18586853,0.17629842,0.13474448,0.22609417,0.27361059,0.24580514,0.28924865,0.16408106,0.11652775,"{""version"":1,""players"":[{""id"":""oe:player:f7bd515227bda9d65b8f4cc7475ad06"",""name"":""Duke Anton"",""role"":""mid""},{""id"":""oe:player:84ffdf6566c6585114da1ccd9b6a3e3"",""name"":""Jocke"",""role"":""jng""},{""id"":""oe:player:5ee6f2e1b3c6000a67c9dc360a63c63"",""name"":""twohoyrz"",""role"":""mid""},{""id"":""oe:player:5c58c2e986e8aec0ee6f2465823349a"",""name"":""GOLDENTO4ST"",""role"":""bot""},{""id"":""oe:player:85b3b3e91202ccada9f1f5a24dc1bfb"",""name"":""Cl0x"",""role"":""sup""}],""cells"":[{""row"":0,""col"":0,""kind"":""self"",""pair"":null,""value"":null},{""row"":0,""col"":1,""kind"":""sparse"",""pair"":{""id"":""pair-12d7d75d1d2374db"",""teamId"":""oe:team:3921fffdab4f130255658ea322e1ab6"",""teamName"":""x25 Esports"",""playerAId"":""oe:player:84ffdf6566c6585114da1ccd9b6a3e3"",""playerBId"":""oe:player:f7bd515227bda9d65b8f4cc7475ad06"",""playerA"":""Jocke"",""playerB"":""Duke Anton"",""stats"":{""eligible"":false,""n_games_total"":4.0,""n_games"":4.0,""n_days"":4.0,""mean_impact"":-0.36538368,""shrunk_impact"":-0.10439534,""ci_low"":-0.2682691,""ci_high"":0.11389581,""win_rate"":0.25}},""value"":-0.10439534},{""row"":0,""col"":2,""kind"":""sparse"",""pair"":{""id"":""pair-5e7d5579733af291"",""teamId"":""oe:team:3921fffdab4f130255658ea322e1ab6"",""teamName"":""x25 Esports"",""playerAId"":""oe:player:5ee6f2e1b3c6000a67c9dc360a63c63"",""playerBId"":""oe:player:f7bd515227bda9d65b8f4cc7475ad06"",""playerA"":""twohoyrz"",""playerB"":""Duke Anton"",""stats"":{""eligible"":false,""n_games_total"":3.0,""n_games"":3.0,""n_days"":3.0,""mean_impact"":0.16060662,""shrunk_impact"":0.03706307,""ci_low"":-0.02866174,""ci_high"":0.11567554,""win_rate"":0.33333333}},""value"":0.03706307},{""row"":0,""col"":3,""kind"":""sparse"",""pair"":{""id"":""pair-319ed34e48133344"",""teamId"":""oe:team:3921fffdab4f130255658ea322e1ab6"",""teamName"":""x25 Esports"",""playerAId"":""oe:player:5c58c2e986e8aec0ee6f2465823349a"",""playerBId"":""oe:player:f7bd515227bda9d65b8f4cc7475ad06"",""playerA"":""GOLDENTO4ST"",""playerB"":""Duke Anton"",""stats"":{""eligible"":false,""n_games_total"":4.0,""n_games"":4.0,""n_days"":4.0,""mean_impact"":-0.01326625,""shrunk_impact"":-0.00379036,""ci_low"":-0.22255567,""ci_high"":0.21497495,""win_rate"":0.25}},""value"":-0.00379036},{""row"":0,""col"":4,""kind"":""sparse"",""pair"":{""id"":""pair-124567402b031e4b"",""teamId"":""oe:team:3921fffdab4f130255658ea322e1ab6"",""teamName"":""x25 Esports"",""playerAId"":""oe:player:85b3b3e91202ccada9f1f5a24dc1bfb"",""playerBId"":""oe:player:f7bd515227bda9d65b8f4cc7475ad06"",""playerA"":""Cl0x"",""playerB"":""Duke Anton"",""stats"":{""eligible"":false,""n_games_total"":4.0,""n_games"":4.0,""n_days"":4.0,""mean_impact"":0.19795278,""shrunk_impact"":0.05655794,""ci_low"":-0.15458129,""ci_high"":0.24954219,""win_rate"":0.25}},""value"":0.05655794},{""row"":1,""col"":0,""kind"":""sparse"",""pair"":{""id"":""pair-12d7d75d1d2374db"",""teamId"":""oe:team:3921fffdab4f130255658ea322e1ab6"",""teamName"":""x25 Esports"",""playerAId"":""oe:player:84ffdf6566c6585114da1ccd9b6a3e3"",""playerBId"":""oe:player:f7bd515227bda9d65b8f4cc7475ad06"",""playerA"":""Jocke"",""playerB"":""Duke Anton"",""stats"":{""eligible"":false,""n_games_total"":4.0,""n_games"":4.0,""n_days"":4.0,""mean_impact"":-0.36538368,""shrunk_impact"":-0.10439534,""ci_low"":-0.2682691,""ci_high"":0.11389581,""win_rate"":0.25}},""value"":-0.10439534},{""row"":1,""col"":1,""kind"":""self"",""pair"":null,""value"":null},{""row"":1,""col"":2,""kind"":""sparse"",""pair"":{""id"":""pair-50c6b6353f5c376f"",""teamId"":""oe:team:3921fffdab4f130255658ea322e1ab6"",""teamName"":""x25 Esports"",""playerAId"":""oe:player:5ee6f2e1b3c6000a67c9dc360a63c63"",""playerBId"":""oe:player:84ffdf6566c6585114da1ccd9b6a3e3"",""playerA"":""twohoyrz"",""playerB"":""Jocke"",""stats"":{""eligible"":false,""n_games_total"":9.0,""n_games"":9.0,""n_days"":9.0,""mean_impact"":-0.26715016,""shrunk_impact"":-0.12654481,""ci_low"":-0.2191172,""ci_high"":-0.02312896,""win_rate"":0.11111111}},""value"":-0.12654481},{""row"":1,""col"":3,""kind"":""eligible"",""pair"":{""id"":""pair-a0d5790d8e57d775"",""teamId"":""oe:team:3921fffdab4f130255658ea322e1ab6"",""teamName"":""x25 Esports"",""playerAId"":""oe:player:5c58c2e986e8aec0ee6f2465823349a"",""playerBId"":""oe:player:84ffdf6566c6585114da1ccd9b6a3e3"",""playerA"":""GOLDENTO4ST"",""playerB"":""Jocke"",""stats"":{""eligible"":true,""n_games_total"":10.0,""n_games"":10.0,""n_days"":10.0,""mean_impact"":-0.10017079,""shrunk_impact"":-0.05008539,""ci_low"":-0.19871065,""ci_high"":0.09448824,""win_rate"":0.1}},""value"":-0.05008539},{""row"":1,""col"":4,""kind"":""eligible"",""pair"":{""id"":""pair-7f21e05d6c326f54"",""teamId"":""oe:team:3921fffdab4f130255658ea322e1ab6"",""teamName"":""x25 Esports"",""playerAId"":""oe:player:84ffdf6566c6585114da1ccd9b6a3e3"",""playerBId"":""oe:player:85b3b3e91202ccada9f1f5a24dc1bfb"",""playerA"":""Jocke"",""playerB"":""Cl0x"",""stats"":{""eligible"":true,""n_games_total"":10.0,""n_games"":10.0,""n_days"":10.0,""mean_impact"":0.41249312,""shrunk_impact"":0.20624656,""ci_low"":-0.08432715,""ci_high"":0.57838356,""win_rate"":0.1}},""value"":0.20624656},{""row"":2,""col"":0,""kind"":""sparse"",""pair"":{""id"":""pair-5e7d5579733af291"",""teamId"":""oe:team:3921fffdab4f130255658ea322e1ab6"",""teamName"":""x25 Esports"",""playerAId"":""oe:player:5ee6f2e1b3c6000a67c9dc360a63c63"",""playerBId"":""oe:player:f7bd515227bda9d65b8f4cc7475ad06"",""playerA"":""twohoyrz"",""playerB"":""Duke Anton"",""stats"":{""eligible"":false,""n_games_total"":3.0,""n_games"":3.0,""n_days"":3.0,""mean_impact"":0.16060662,""shrunk_impact"":0.03706307,""ci_low"":-0.02866174,""ci_high"":0.11567554,""win_rate"":0.33333333}},""value"":0.03706307},{""row"":2,""col"":1,""kind"":""sparse"",""pair"":{""id"":""pair-50c6b6353f5c376f"",""teamId"":""oe:team:3921fffdab4f130255658ea322e1ab6"",""teamName"":""x25 Esports"",""playerAId"":""oe:player:5ee6f2e1b3c6000a67c9dc360a63c63"",""playerBId"":""oe:player:84ffdf6566c6585114da1ccd9b6a3e3"",""playerA"":""twohoyrz"",""playerB"":""Jocke"",""stats"":{""eligible"":false,""n_games_total"":9.0,""n_games"":9.0,""n_days"":9.0,""mean_impact"":-0.26715016,""shrunk_impact"":-0.12654481,""ci_low"":-0.2191172,""ci_high"":-0.02312896,""win_rate"":0.11111111}},""value"":-0.12654481},{""row"":2,""col"":2,""kind"":""self"",""pair"":null,""value"":null},{""row"":2,""col"":3,""kind"":""eligible"",""pair"":{""id"":""pair-22237c0d505a6b94"",""teamId"":""oe:team:3921fffdab4f130255658ea322e1ab6"",""teamName"":""x25 Esports"",""playerAId"":""oe:player:5c58c2e986e8aec0ee6f2465823349a"",""playerBId"":""oe:player:5ee6f2e1b3c6000a67c9dc360a63c63"",""playerA"":""GOLDENTO4ST"",""playerB"":""twohoyrz"",""stats"":{""eligible"":true,""n_games_total"":12.0,""n_games"":12.0,""n_days"":12.0,""mean_impact"":0.0651274,""shrunk_impact"":0.03552404,""ci_low"":-0.1269479,""ci_high"":0.19296329,""win_rate"":0.16666667}},""value"":0.03552404},{""row"":2,""col"":4,""kind"":""eligible"",""pair"":{""id"":""pair-e76d7c897861eb6f"",""teamId"":""oe:team:3921fffdab4f130255658ea322e1ab6"",""teamName"":""x25 Esports"",""playerAId"":""oe:player:5ee6f2e1b3c6000a67c9dc360a63c63"",""playerBId"":""oe:player:85b3b3e91202ccada9f1f5a24dc1bfb"",""playerA"":""twohoyrz"",""playerB"":""Cl0x"",""stats"":{""eligible"":true,""n_games_total"":12.0,""n_games"":12.0,""n_days"":12.0,""mean_impact"":0.38879413,""shrunk_impact"":0.21206953,""ci_low"":-0.11309585,""ci_high"":0.57500615,""win_rate"":0.16666667}},""value"":0.21206953},{""row"":3,""col"":0,""kind"":""sparse"",""pair"":{""id"":""pair-319ed34e48133344"",""teamId"":""oe:team:3921fffdab4f130255658ea322e1ab6"",""teamName"":""x25 Esports"",""playerAId"":""oe:player:5c58c2e986e8aec0ee6f2465823349a"",""playerBId"":""oe:player:f7bd515227bda9d65b8f4cc7475ad06"",""playerA"":""GOLDENTO4ST"",""playerB"":""Duke Anton"",""stats"":{""eligible"":false,""n_games_total"":4.0,""n_games"":4.0,""n_days"":4.0,""mean_impact"":-0.01326625,""shrunk_impact"":-0.00379036,""ci_low"":-0.22255567,""ci_high"":0.21497495,""win_rate"":0.25}},""value"":-0.00379036},{""row"":3,""col"":1,""kind"":""eligible"",""pair"":{""id"":""pair-a0d5790d8e57d775"",""teamId"":""oe:team:3921fffdab4f130255658ea322e1ab6"",""teamName"":""x25 Esports"",""playerAId"":""oe:player:5c58c2e986e8aec0ee6f2465823349a"",""playerBId"":""oe:player:84ffdf6566c6585114da1ccd9b6a3e3"",""playerA"":""GOLDENTO4ST"",""playerB"":""Jocke"",""stats"":{""eligible"":true,""n_games_total"":10.0,""n_games"":10.0,""n_days"":10.0,""mean_impact"":-0.10017079,""shrunk_impact"":-0.05008539,""ci_low"":-0.19871065,""ci_high"":0.09448824,""win_rate"":0.1}},""value"":-0.05008539},{""row"":3,""col"":2,""kind"":""eligible"",""pair"":{""id"":""pair-22237c0d505a6b94"",""teamId"":""oe:team:3921fffdab4f130255658ea322e1ab6"",""teamName"":""x25 Esports"",""playerAId"":""oe:player:5c58c2e986e8aec0ee6f2465823349a"",""playerBId"":""oe:player:5ee6f2e1b3c6000a67c9dc360a63c63"",""playerA"":""GOLDENTO4ST"",""playerB"":""twohoyrz"",""stats"":{""eligible"":true,""n_games_total"":12.0,""n_games"":12.0,""n_days"":12.0,""mean_impact"":0.0651274,""shrunk_impact"":0.03552404,""ci_low"":-0.1269479,""ci_high"":0.19296329,""win_rate"":0.16666667}},""value"":0.03552404},{""row"":3,""col"":3,""kind"":""self"",""pair"":null,""value"":null},{""row"":3,""col"":4,""kind"":""eligible"",""pair"":{""id"":""pair-47846810adecf7b4"",""teamId"":""oe:team:3921fffdab4f130255658ea322e1ab6"",""teamName"":""x25 Esports"",""playerAId"":""oe:player:5c58c2e986e8aec0ee6f2465823349a"",""playerBId"":""oe:player:85b3b3e91202ccada9f1f5a24dc1bfb"",""playerA"":""GOLDENTO4ST"",""playerB"":""Cl0x"",""stats"":{""eligible"":true,""n_games_total"":13.0,""n_games"":13.0,""n_days"":13.0,""mean_impact"":0.57830262,""shrunk_impact"":0.3268667,""ci_low"":-0.02340587,""ci_high"":0.73220092,""win_rate"":0.15384615}},""value"":0.3268667},{""row"":4,""col"":0,""kind"":""sparse"",""pair"":{""id"":""pair-124567402b031e4b"",""teamId"":""oe:team:3921fffdab4f130255658ea322e1ab6"",""teamName"":""x25 Esports"",""playerAId"":""oe:player:85b3b3e91202ccada9f1f5a24dc1bfb"",""playerBId"":""oe:player:f7bd515227bda9d65b8f4cc7475ad06"",""playerA"":""Cl0x"",""playerB"":""Duke Anton"",""stats"":{""eligible"":false,""n_games_total"":4.0,""n_games"":4.0,""n_days"":4.0,""mean_impact"":0.19795278,""shrunk_impact"":0.05655794,""ci_low"":-0.15458129,""ci_high"":0.24954219,""win_rate"":0.25}},""value"":0.05655794},{""row"":4,""col"":1,""kind"":""eligible"",""pair"":{""id"":""pair-7f21e05d6c326f54"",""teamId"":""oe:team:3921fffdab4f130255658ea322e1ab6"",""teamName"":""x25 Esports"",""playerAId"":""oe:player:84ffdf6566c6585114da1ccd9b6a3e3"",""playerBId"":""oe:player:85b3b3e91202ccada9f1f5a24dc1bfb"",""playerA"":""Jocke"",""playerB"":""Cl0x"",""stats"":{""eligible"":true,""n_games_total"":10.0,""n_games"":10.0,""n_days"":10.0,""mean_impact"":0.41249312,""shrunk_impact"":0.20624656,""ci_low"":-0.08432715,""ci_high"":0.57838356,""win_rate"":0.1}},""value"":0.20624656},{""row"":4,""col"":2,""kind"":""eligible"",""pair"":{""id"":""pair-e76d7c897861eb6f"",""teamId"":""oe:team:3921fffdab4f130255658ea322e1ab6"",""teamName"":""x25 Esports"",""playerAId"":""oe:player:5ee6f2e1b3c6000a67c9dc360a63c63"",""playerBId"":""oe:player:85b3b3e91202ccada9f1f5a24dc1bfb"",""playerA"":""twohoyrz"",""playerB"":""Cl0x"",""stats"":{""eligible"":true,""n_games_total"":12.0,""n_games"":12.0,""n_days"":12.0,""mean_impact"":0.38879413,""shrunk_impact"":0.21206953,""ci_low"":-0.11309585,""ci_high"":0.57500615,""win_rate"":0.16666667}},""value"":0.21206953},{""row"":4,""col"":3,""kind"":""eligible"",""pair"":{""id"":""pair-47846810adecf7b4"",""teamId"":""oe:team:3921fffdab4f130255658ea322e1ab6"",""teamName"":""x25 Esports"",""playerAId"":""oe:player:5c58c2e986e8aec0ee6f2465823349a"",""playerBId"":""oe:player:85b3b3e91202ccada9f1f5a24dc1bfb"",""playerA"":""GOLDENTO4ST"",""playerB"":""Cl0x"",""stats"":{""eligible"":true,""n_games_total"":13.0,""n_games"":13.0,""n_days"":13.0,""mean_impact"":0.57830262,""shrunk_impact"":0.3268667,""ci_low"":-0.02340587,""ci_high"":0.73220092,""win_rate"":0.15384615}},""value"":0.3268667},{""row"":4,""col"":4,""kind"":""self"",""pair"":null,""value"":null}],""limit"":0.3268667,""hasEligiblePair"":true}"
lineup-a8fc32c3e79cbee3,oe:team:636ad22c939bc97d743c271a0daa83e,RIFT Esports,2019,oe:player:fe2e2139e5ab31e17185537b335e52b,Kubu,oe:player:5186e9eff276f67ad45742798051adc,Loxigar,oe:player:1357539e6792767b68112edb747c60d,DareDevil,oe:player:97132211d7a007d38a31a210c0e11b6,dRxTheBeast,oe:player:775b26c3b2108abd24aea29952cf8d5,ZoTyi,5,5,4,0.17212047,0.05737349,-0.33142974,0.37698934,False,0.00000000,383.43674617,1.10967970,0.20598793,0.25139501,0.22582367,0.30742918,0.18436844,0.11221336,0.21313695,0.25682822,0.23076595,0.21906202,0.14590499,0.10446721,"{""version"":1,""players"":[{""id"":""oe:player:fe2e2139e5ab31e17185537b335e52b"",""name"":""Kubu"",""role"":""top""},{""id"":""oe:player:5186e9eff276f67ad45742798051adc"",""name"":""Loxigar"",""role"":""jng""},{""id"":""oe:player:1357539e6792767b68112edb747c60d"",""name"":""DareDevil"",""role"":""mid""},{""id"":""oe:player:97132211d7a007d38a31a210c0e11b6"",""name"":""dRxTheBeast"",""role"":""bot""},{""id"":""oe:player:775b26c3b2108abd24aea29952cf8d5"",""name"":""ZoTyi"",""role"":""sup""}],""cells"":[{""row"":0,""col"":0,""kind"":""self"",""pair"":null,""value"":null},{""row"":0,""col"":1,""kind"":""sparse"",""pair"":{""id"":""pair-2e81af3ee69b287b"",""teamId"":""oe:team:636ad22c939bc97d743c271a0daa83e"",""teamName"":""RIFT Esports"",""playerAId"":""oe:player:5186e9eff276f67ad45742798051adc"",""playerBId"":""oe:player:fe2e2139e5ab31e17185537b335e52b"",""playerA"":""Loxigar"",""playerB"":""Kubu"",""stats"":{""eligible"":false,""n_games_total"":8.0,""n_games"":8.0,""n_days"":7.0,""mean_impact"":0.37360474,""shrunk_impact"":0.16604655,""ci_low"":-0.17955621,""ci_high"":0.40865811,""win_rate"":0.125}},""value"":0.16604655},{""row"":0,""col"":2,""kind"":""sparse"",""pair"":{""id"":""pair-e955b0bf64192ba6"",""teamId"":""oe:team:636ad22c939bc97d743c271a0daa83e"",""teamName"":""RIFT Esports"",""playerAId"":""oe:player:1357539e6792767b68112edb747c60d"",""playerBId"":""oe:player:fe2e2139e5ab31e17185537b335e52b"",""playerA"":""DareDevil"",""playerB"":""Kubu"",""stats"":{""eligible"":false,""n_games_total"":5.0,""n_games"":5.0,""n_days"":4.0,""mean_impact"":0.91175394,""shrunk_impact"":0.30391798,""ci_low"":-0.16746629,""ci_high"":0.76862692,""win_rate"":0.0}},""value"":0.30391798},{""row"":0,""col"":3,""kind"":""sparse"",""pair"":{""id"":""pair-cd1e3993be7291ba"",""teamId"":""oe:team:636ad22c939bc97d743c271a0daa83e"",""teamName"":""RIFT Esports"",""playerAId"":""oe:player:97132211d7a007d38a31a210c0e11b6"",""playerBId"":""oe:player:fe2e2139e5ab31e17185537b335e52b"",""playerA"":""dRxTheBeast"",""playerB"":""Kubu"",""stats"":{""eligible"":false,""n_games_total"":5.0,""n_games"":5.0,""n_days"":4.0,""mean_impact"":0.45713542,""shrunk_impact"":0.15237847,""ci_low"":-0.17479715,""ci_high"":0.42926338,""win_rate"":0.0}},""value"":0.15237847},{""row"":0,""col"":4,""kind"":""sparse"",""pair"":{""id"":""pair-d5c31c9a4304c300"",""teamId"":""oe:team:636ad22c939bc97d743c271a0daa83e"",""teamName"":""RIFT Esports"",""playerAId"":""oe:player:775b26c3b2108abd24aea29952cf8d5"",""playerBId"":""oe:player:fe2e2139e5ab31e17185537b335e52b"",""playerA"":""ZoTyi"",""playerB"":""Kubu"",""stats"":{""eligible"":false,""n_games_total"":5.0,""n_games"":5.0,""n_days"":4.0,""mean_impact"":0.78351093,""shrunk_impact"":0.26117031,""ci_low"":-0.42555687,""ci_high"":0.60400766,""win_rate"":0.0}},""value"":0.26117031},{""row"":1,""col"":0,""kind"":""sparse"",""pair"":{""id"":""pair-2e81af3ee69b287b"",""teamId"":""oe:team:636ad22c939bc97d743c271a0daa83e"",""teamName"":""RIFT Esports"",""playerAId"":""oe:player:5186e9eff276f67ad45742798051adc"",""playerBId"":""oe:player:fe2e2139e5ab31e17185537b335e52b"",""playerA"":""Loxigar"",""playerB"":""Kubu"",""stats"":{""eligible"":false,""n_games_total"":8.0,""n_games"":8.0,""n_days"":7.0,""mean_impact"":0.37360474,""shrunk_impact"":0.16604655,""ci_low"":-0.17955621,""ci_high"":0.40865811,""win_rate"":0.125}},""value"":0.16604655},{""row"":1,""col"":1,""kind"":""self"",""pair"":null,""value"":null},{""row"":1,""col"":2,""kind"":""sparse"",""pair"":{""id"":""pair-b8cc250ad28aea38"",""teamId"":""oe:team:636ad22c939bc97d743c271a0daa83e"",""teamName"":""RIFT Esports"",""playerAId"":""oe:player:1357539e6792767b68112edb747c60d"",""playerBId"":""oe:player:5186e9eff276f67ad45742798051adc"",""playerA"":""DareDevil"",""playerB"":""Loxigar"",""stats"":{""eligible"":false,""n_games_total"":5.0,""n_games"":5.0,""n_days"":4.0,""mean_impact"":-0.09163391,""shrunk_impact"":-0.03054464,""ci_low"":-0.42188119,""ci_high"":0.36592698,""win_rate"":0.0}},""value"":-0.03054464},{""row"":1,""col"":3,""kind"":""sparse"",""pair"":{""id"":""pair-a3a9ce9ad4c8c970"",""teamId"":""oe:team:636ad22c939bc97d743c271a0daa83e"",""teamName"":""RIFT Esports"",""playerAId"":""oe:player:5186e9eff276f67ad45742798051adc"",""playerBId"":""oe:player:97132211d7a007d38a31a210c0e11b6"",""playerA"":""Loxigar"",""playerB"":""dRxTheBeast"",""stats"":{""eligible"":false,""n_games_total"":5.0,""n_games"":5.0,""n_days"":4.0,""mean_impact"":-0.54625243,""shrunk_impact"":-0.18208414,""ci_low"":-0.3633287,""ci_high"":0.02787771,""win_rate"":0.0}},""value"":-0.18208414},{""row"":1,""col"":4,""kind"":""sparse"",""pair"":{""id"":""pair-8c1cd15220fe6b48"",""teamId"":""oe:team:636ad22c939bc97d743c271a0daa83e"",""teamName"":""RIFT Esports"",""playerAId"":""oe:player:5186e9eff276f67ad45742798051adc"",""playerBId"":""oe:player:775b26c3b2108abd24aea29952cf8d5"",""playerA"":""Loxigar"",""playerB"":""ZoTyi"",""stats"":{""eligible"":false,""n_games_total"":5.0,""n_games"":5.0,""n_days"":4.0,""mean_impact"":-0.21987692,""shrunk_impact"":-0.07329231,""ci_low"":-0.56724929,""ci_high"":0.22841918,""win_rate"":0.0}},""value"":-0.07329231},{""row"":2,""col"":0,""kind"":""sparse"",""pair"":{""id"":""pair-e955b0bf64192ba6"",""teamId"":""oe:team:636ad22c939bc97d743c271a0daa83e"",""teamName"":""RIFT Esports"",""playerAId"":""oe:player:1357539e6792767b68112edb747c60d"",""playerBId"":""oe:player:fe2e2139e5ab31e17185537b335e52b"",""playerA"":""DareDevil"",""playerB"":""Kubu"",""stats"":{""eligible"":false,""n_games_total"":5.0,""n_games"":5.0,""n_days"":4.0,""mean_impact"":0.91175394,""shrunk_impact"":0.30391798,""ci_low"":-0.16746629,""ci_high"":0.76862692,""win_rate"":0.0}},""value"":0.30391798},{""row"":2,""col"":1,""kind"":""sparse"",""pair"":{""id"":""pair-b8cc250ad28aea38"",""teamId"":""oe:team:636ad22c939bc97d743c271a0daa83e"",""teamName"":""RIFT Esports"",""playerAId"":""oe:player:1357539e6792767b68112edb747c60d"",""playerBId"":""oe:player:5186e9eff276f67ad45742798051adc"",""playerA"":""DareDevil"",""playerB"":""Loxigar"",""stats"":{""eligible"":false,""n_games_total"":5.0,""n_games"":5.0,""n_days"":4.0,""mean_impact"":-0.09163391,""shrunk_impact"":-0.03054464,""ci_low"":-0.42188119,""ci_high"":0.36592698,""win_rate"":0.0}},""value"":-0.03054464},{""row"":2,""col"":2,""kind"":""self"",""pair"":null,""value"":null},{""row"":2,""col"":3,""kind"":""sparse"",""pair"":{""id"":""pair-01ff53f46601dddd"",""teamId"":""oe:team:636ad22c939bc97d743c271a0daa83e"",""teamName"":""RIFT Esports"",""playerAId"":""oe:player:1357539e6792767b68112edb747c60d"",""playerBId"":""oe:player:97132211d7a007d38a31a210c0e11b6"",""playerA"":""DareDevil"",""playerB"":""dRxTheBeast"",""stats"":{""eligible"":false,""n_games_total"":5.0,""n_games"":5.0,""n_days"":4.0,""mean_impact"":-0.06853316,""shrunk_impact"":-0.02284439,""ci_low"":-0.34908454,""ci_high"":0.37471703,""win_rate"":0.0}},""value"":-0.02284439},{""row"":2,""col"":4,""kind"":""sparse"",""pair"":{""id"":""pair-acf6a885bb86b087"",""teamId"":""oe:team:636ad22c939bc97d743c271a0daa83e"",""teamName"":""RIFT Esports"",""playerAId"":""oe:player:1357539e6792767b68112edb747c60d"",""playerBId"":""oe:player:775b26c3b2108abd24aea29952cf8d5"",""playerA"":""DareDevil"",""playerB"":""ZoTyi"",""stats"":{""eligible"":false,""n_games_total"":5.0,""n_games"":5.0,""n_days"":4.0,""mean_impact"":0.25784235,""shrunk_impact"":0.08594745,""ci_low"":-0.51161537,""ci_high"":0.48432267,""win_rate"":0.0}},""value"":0.08594745},{""row"":3,""col"":0,""kind"":""sparse"",""pair"":{""id"":""pair-cd1e3993be7291ba"",""teamId"":""oe:team:636ad22c939bc97d743c271a0daa83e"",""teamName"":""RIFT Esports"",""playerAId"":""oe:player:97132211d7a007d38a31a210c0e11b6"",""playerBId"":""oe:player:fe2e2139e5ab31e17185537b335e52b"",""playerA"":""dRxTheBeast"",""playerB"":""Kubu"",""stats"":{""eligible"":false,""n_games_total"":5.0,""n_games"":5.0,""n_days"":4.0,""mean_impact"":0.45713542,""shrunk_impact"":0.15237847,""ci_low"":-0.17479715,""ci_high"":0.42926338,""win_rate"":0.0}},""value"":0.15237847},{""row"":3,""col"":1,""kind"":""sparse"",""pair"":{""id"":""pair-a3a9ce9ad4c8c970"",""teamId"":""oe:team:636ad22c939bc97d743c271a0daa83e"",""teamName"":""RIFT Esports"",""playerAId"":""oe:player:5186e9eff276f67ad45742798051adc"",""playerBId"":""oe:player:97132211d7a007d38a31a210c0e11b6"",""playerA"":""Loxigar"",""playerB"":""dRxTheBeast"",""stats"":{""eligible"":false,""n_games_total"":5.0,""n_games"":5.0,""n_days"":4.0,""mean_impact"":-0.54625243,""shrunk_impact"":-0.18208414,""ci_low"":-0.3633287,""ci_high"":0.02787771,""win_rate"":0.0}},""value"":-0.18208414},{""row"":3,""col"":2,""kind"":""sparse"",""pair"":{""id"":""pair-01ff53f46601dddd"",""teamId"":""oe:team:636ad22c939bc97d743c271a0daa83e"",""teamName"":""RIFT Esports"",""playerAId"":""oe:player:1357539e6792767b68112edb747c60d"",""playerBId"":""oe:player:97132211d7a007d38a31a210c0e11b6"",""playerA"":""DareDevil"",""playerB"":""dRxTheBeast"",""stats"":{""eligible"":false,""n_games_total"":5.0,""n_games"":5.0,""n_days"":4.0,""mean_impact"":-0.06853316,""shrunk_impact"":-0.02284439,""ci_low"":-0.34908454,""ci_high"":0.37471703,""win_rate"":0.0}},""value"":-0.02284439},{""row"":3,""col"":3,""kind"":""self"",""pair"":null,""value"":null},{""row"":3,""col"":4,""kind"":""sparse"",""pair"":{""id"":""pair-6b90463f3d323162"",""teamId"":""oe:team:636ad22c939bc97d743c271a0daa83e"",""teamName"":""RIFT Esports"",""playerAId"":""oe:player:775b26c3b2108abd24aea29952cf8d5"",""playerBId"":""oe:player:97132211d7a007d38a31a210c0e11b6"",""playerA"":""ZoTyi"",""playerB"":""dRxTheBeast"",""stats"":{""eligible"":false,""n_games_total"":5.0,""n_games"":5.0,""n_days"":4.0,""mean_impact"":-0.19677617,""shrunk_impact"":-0.06559206,""ci_low"":-0.47988571,""ci_high"":0.19272183,""win_rate"":0.0}},""value"":-0.06559206},{""row"":4,""col"":0,""kind"":""sparse"",""pair"":{""id"":""pair-d5c31c9a4304c300"",""teamId"":""oe:team:636ad22c939bc97d743c271a0daa83e"",""teamName"":""RIFT Esports"",""playerAId"":""oe:player:775b26c3b2108abd24aea29952cf8d5"",""playerBId"":""oe:player:fe2e2139e5ab31e17185537b335e52b"",""playerA"":""ZoTyi"",""playerB"":""Kubu"",""stats"":{""eligible"":false,""n_games_total"":5.0,""n_games"":5.0,""n_days"":4.0,""mean_impact"":0.78351093,""shrunk_impact"":0.26117031,""ci_low"":-0.42555687,""ci_high"":0.60400766,""win_rate"":0.0}},""value"":0.26117031},{""row"":4,""col"":1,""kind"":""sparse"",""pair"":{""id"":""pair-8c1cd15220fe6b48"",""teamId"":""oe:team:636ad22c939bc97d743c271a0daa83e"",""teamName"":""RIFT Esports"",""playerAId"":""oe:player:5186e9eff276f67ad45742798051adc"",""playerBId"":""oe:player:775b26c3b2108abd24aea29952cf8d5"",""playerA"":""Loxigar"",""playerB"":""ZoTyi"",""stats"":{""eligible"":false,""n_games_total"":5.0,""n_games"":5.0,""n_days"":4.0,""mean_impact"":-0.21987692,""shrunk_impact"":-0.07329231,""ci_low"":-0.56724929,""ci_high"":0.22841918,""win_rate"":0.0}},""value"":-0.07329231},{""row"":4,""col"":2,""kind"":""sparse"",""pair"":{""id"":""pair-acf6a885bb86b087"",""teamId"":""oe:team:636ad22c939bc97d743c271a0daa83e"",""teamName"":""RIFT Esports"",""playerAId"":""oe:player:1357539e6792767b68112edb747c60d"",""playerBId"":""oe:player:775b26c3b2108abd24aea29952cf8d5"",""playerA"":""DareDevil"",""playerB"":""ZoTyi"",""stats"":{""eligible"":false,""n_games_total"":5.0,""n_games"":5.0,""n_days"":4.0,""mean_impact"":0.25784235,""shrunk_impact"":0.08594745,""ci_low"":-0.51161537,""ci_high"":0.48432267,""win_rate"":0.0}},""value"":0.08594745},{""row"":4,""col"":3,""kind"":""sparse"",""pair"":{""id"":""pair-6b90463f3d323162"",""teamId"":""oe:team:636ad22c939bc97d743c271a0daa83e"",""teamName"":""RIFT Esports"",""playerAId"":""oe:player:775b26c3b2108abd24aea29952cf8d5"",""playerBId"":""oe:player:97132211d7a007d38a31a210c0e11b6"",""playerA"":""ZoTyi"",""playerB"":""dRxTheBeast"",""stats"":{""eligible"":false,""n_games_total"":5.0,""n_games"":5.0,""n_days"":4.0,""mean_impact"":-0.19677617,""shrunk_impact"":-0.06559206,""ci_low"":-0.47988571,""ci_high"":0.19272183,""win_rate"":0.0}},""value"":-0.06559206},{""row"":4,""col"":4,""kind"":""self"",""pair"":null,""value"":null}],""limit"":0.30391798,""hasEligiblePair"":false}"
lineup-ab937c758aa2f5b4,oe:team:636ad22c939bc97d743c271a0daa83e,RIFT Esports,2019,oe:player:fe2e2139e5ab31e17185537b335e52b,Kubu,oe:player:ecac964b00dc5f2bce529bf79d13eaf,Paresz,oe:player:dc419de6761d89185a629cc1831235d,Gaaloul,oe:player:64d129224a5377b63e9727479ec987d,Counter,oe:player:4d855d5ac0497a11941e8948568db74,Rufus,5,0,0,,,,,False,,,,,,,,,,,,,,,,"{""version"":1,""players"":[{""id"":""oe:player:fe2e2139e5ab31e17185537b335e52b"",""name"":""Kubu"",""role"":""top""},{""id"":""oe:player:ecac964b00dc5f2bce529bf79d13eaf"",""name"":""Paresz"",""role"":""jng""},{""id"":""oe:player:dc419de6761d89185a629cc1831235d"",""name"":""Gaaloul"",""role"":""mid""},{""id"":""oe:player:64d129224a5377b63e9727479ec987d"",""name"":""Counter"",""role"":""bot""},{""id"":""oe:player:4d855d5ac0497a11941e8948568db74"",""name"":""Rufus"",""role"":""sup""}],""cells"":[{""row"":0,""col"":0,""kind"":""self"",""pair"":null,""value"":null},{""row"":0,""col"":1,""kind"":""missing"",""pair"":{""id"":""pair-0385faa493923369"",""teamId"":""oe:team:636ad22c939bc97d743c271a0daa83e"",""teamName"":""RIFT Esports"",""playerAId"":""oe:player:ecac964b00dc5f2bce529bf79d13eaf"",""playerBId"":""oe:player:fe2e2139e5ab31e17185537b335e52b"",""playerA"":""Paresz"",""playerB"":""Kubu"",""stats"":{""eligible"":false,""n_games_total"":7.0,""n_games"":0.0,""n_days"":0.0,""mean_impact"":null,""shrunk_impact"":null,""ci_low"":null,""ci_high"":null,""win_rate"":null}},""value"":null},{""row"":0,""col"":2,""kind"":""sparse"",""pair"":{""id"":""pair-e3ed045f5a2cac46"",""teamId"":""oe:team:636ad22c939bc97d743c271a0daa83e"",""teamName"":""RIFT Esports"",""playerAId"":""oe:player:dc419de6761d89185a629cc1831235d"",""playerBId"":""oe:player:fe2e2139e5ab31e17185537b335e52b"",""playerA"":""Gaaloul"",""playerB"":""Kubu"",""stats"":{""eligible"":false,""n_games_total"":10.0,""n_games"":3.0,""n_days"":3.0,""mean_impact"":0.32263827,""shrunk_impact"":0.07445499,""ci_low"":-0.18003378,""ci_high"":0.21752853,""win_rate"":0.33333333}},""value"":0.07445499},{""row"":0,""col"":3,""kind"":""sparse"",""pair"":{""id"":""pair-039b128fdf3315d1"",""teamId"":""oe:team:636ad22c939bc97d743c271a0daa83e"",""teamName"":""RIFT Esports"",""playerAId"":""oe:player:64d129224a5377b63e9727479ec987d"",""playerBId"":""oe:player:fe2e2139e5ab31e17185537b335e52b"",""playerA"":""Counter"",""playerB"":""Kubu"",""stats"":{""eligible"":false,""n_games_total"":10.0,""n_games"":3.0,""n_days"":3.0,""mean_impact"":0.39911884,""shrunk_impact"":0.09210435,""ci_low"":-0.15363268,""ci_high"":0.27021194,""win_rate"":0.33333333}},""value"":0.09210435},{""row"":0,""col"":4,""kind"":""sparse"",""pair"":{""id"":""pair-108bf55b0035eb8d"",""teamId"":""oe:team:636ad22c939bc97d743c271a0daa83e"",""teamName"":""RIFT Esports"",""playerAId"":""oe:player:4d855d5ac0497a11941e8948568db74"",""playerBId"":""oe:player:fe2e2139e5ab31e17185537b335e52b"",""playerA"":""Rufus"",""playerB"":""Kubu"",""stats"":{""eligible"":false,""n_games_total"":8.0,""n_games"":3.0,""n_days"":3.0,""mean_impact"":0.28102916,""shrunk_impact"":0.06485288,""ci_low"":-0.044101,""ci_high"":0.12484043,""win_rate"":0.33333333}},""value"":0.06485288},{""row"":1,""col"":0,""kind"":""missing"",""pair"":{""id"":""pair-0385faa493923369"",""teamId"":""oe:team:636ad22c939bc97d743c271a0daa83e"",""teamName"":""RIFT Esports"",""playerAId"":""oe:player:ecac964b00dc5f2bce529bf79d13eaf"",""playerBId"":""oe:player:fe2e2139e5ab31e17185537b335e52b"",""playerA"":""Paresz"",""playerB"":""Kubu"",""stats"":{""eligible"":false,""n_games_total"":7.0,""n_games"":0.0,""n_days"":0.0,""mean_impact"":null,""shrunk_impact"":null,""ci_low"":null,""ci_high"":null,""win_rate"":null}},""value"":null},{""row"":1,""col"":1,""kind"":""self"",""pair"":null,""value"":null},{""row"":1,""col"":2,""kind"":""missing"",""pair"":{""id"":""pair-43fe7d24b2506738"",""teamId"":""oe:team:636ad22c939bc97d743c271a0daa83e"",""teamName"":""RIFT Esports"",""playerAId"":""oe:player:dc419de6761d89185a629cc1831235d"",""playerBId"":""oe:player:ecac964b00dc5f2bce529bf79d13eaf"",""playerA"":""Gaaloul"",""playerB"":""Paresz"",""stats"":{""eligible"":false,""n_games_total"":7.0,""n_games"":0.0,""n_days"":0.0,""mean_impact"":null,""shrunk_impact"":null,""ci_low"":null,""ci_high"":null,""win_rate"":null}},""value"":null},{""row"":1,""col"":3,""kind"":""missing"",""pair"":{""id"":""pair-94947261fb69cb20"",""teamId"":""oe:team:636ad22c939bc97d743c271a0daa83e"",""teamName"":""RIFT Esports"",""playerAId"":""oe:player:64d129224a5377b63e9727479ec987d"",""playerBId"":""oe:player:ecac964b00dc5f2bce529bf79d13eaf"",""playerA"":""Counter"",""playerB"":""Paresz"",""stats"":{""eligible"":false,""n_games_total"":7.0,""n_games"":0.0,""n_days"":0.0,""mean_impact"":null,""shrunk_impact"":null,""ci_low"":null,""ci_high"":null,""win_rate"":null}},""value"":null},{""row"":1,""col"":4,""kind"":""missing"",""pair"":{""id"":""pair-d0f7ada48dc9e28f"",""teamId"":""oe:team:636ad22c939bc97d743c271a0daa83e"",""teamName"":""RIFT Esports"",""playerAId"":""oe:player:4d855d5ac0497a11941e8948568db74"",""playerBId"":""oe:player:ecac964b00dc5f2bce529bf79d13eaf"",""playerA"":""Rufus"",""playerB"":""Paresz"",""stats"":{""eligible"":false,""n_games_total"":5.0,""n_games"":0.0,""n_days"":0.0,""mean_impact"":null,""shrunk_impact"":null,""ci_low"":null,""ci_high"":null,""win_rate"":null}},""value"":null},{""row"":2,""col"":0,""kind"":""sparse"",""pair"":{""id"":""pair-e3ed045f5a2cac46"",""teamId"":""oe:team:636ad22c939bc97d743c271a0daa83e"",""teamName"":""RIFT Esports"",""playerAId"":""oe:player:dc419de6761d89185a629cc1831235d"",""playerBId"":""oe:player:fe2e2139e5ab31e17185537b335e52b"",""playerA"":""Gaaloul"",""playerB"":""Kubu"",""stats"":{""eligible"":false,""n_games_total"":10.0,""n_games"":3.0,""n_days"":3.0,""mean_impact"":0.32263827,""shrunk_impact"":0.07445499,""ci_low"":-0.18003378,""ci_high"":0.21752853,""win_rate"":0.33333333}},""value"":0.07445499},{""row"":2,""col"":1,""kind"":""missing"",""pair"":{""id"":""pair-43fe7d24b2506738"",""teamId"":""oe:team:636ad22c939bc97d743c271a0daa83e"",""teamName"":""RIFT Esports"",""playerAId"":""oe:player:dc419de6761d89185a629cc1831235d"",""playerBId"":""oe:player:ecac964b00dc5f2bce529bf79d13eaf"",""playerA"":""Gaaloul"",""playerB"":""Paresz"",""stats"":{""eligible"":false,""n_games_total"":7.0,""n_games"":0.0,""n_days"":0.0,""mean_impact"":null,""shrunk_impact"":null,""ci_low"":null,""ci_high"":null,""win_rate"":null}},""value"":null},{""row"":2,""col"":2,""kind"":""self"",""pair"":null,""value"":null},{""row"":2,""col"":3,""kind"":""sparse"",""pair"":{""id"":""pair-bbb3424d09daf866"",""teamId"":""oe:team:636ad22c939bc97d743c271a0daa83e"",""teamName"":""RIFT Esports"",""playerAId"":""oe:player:64d129224a5377b63e9727479ec987d"",""playerBId"":""oe:player:dc419de6761d89185a629cc1831235d"",""playerA"":""Counter"",""playerB"":""Gaaloul"",""stats"":{""eligible"":false,""n_games_total"":10.0,""n_games"":3.0,""n_days"":3.0,""mean_impact"":-0.10794039,""shrunk_impact"":-0.02490932,""ci_low"":-0.16573936,""ci_high"":0.07154462,""win_rate"":0.33333333}},""value"":-0.02490932},{""row"":2,""col"":4,""kind"":""sparse"",""pair"":{""id"":""pair-98eef66d75d20415"",""teamId"":""oe:team:636ad22c939bc97d743c271a0daa83e"",""teamName"":""RIFT Esports"",""playerAId"":""oe:player:4d855d5ac0497a11941e8948568db74"",""playerBId"":""oe:player:dc419de6761d89185a629cc1831235d"",""playerA"":""Rufus"",""playerB"":""Gaaloul"",""stats"":{""eligible"":false,""n_games_total"":8.0,""n_games"":3.0,""n_days"":3.0,""mean_impact"":-0.22603006,""shrunk_impact"":-0.05216078,""ci_low"":-0.0848481,""ci_high"":-0.01542657,""win_rate"":0.33333333}},""value"":-0.05216078},{""row"":3,""col"":0,""kind"":""sparse"",""pair"":{""id"":""pair-039b128fdf3315d1"",""teamId"":""oe:team:636ad22c939bc97d743c271a0daa83e"",""teamName"":""RIFT Esports"",""playerAId"":""oe:player:64d129224a5377b63e9727479ec987d"",""playerBId"":""oe:player:fe2e2139e5ab31e17185537b335e52b"",""playerA"":""Counter"",""playerB"":""Kubu"",""stats"":{""eligible"":false,""n_games_total"":10.0,""n_games"":3.0,""n_days"":3.0,""mean_impact"":0.39911884,""shrunk_impact"":0.09210435,""ci_low"":-0.15363268,""ci_high"":0.27021194,""win_rate"":0.33333333}},""value"":0.09210435},{""row"":3,""col"":1,""kind"":""missing"",""pair"":{""id"":""pair-94947261fb69cb20"",""teamId"":""oe:team:636ad22c939bc97d743c271a0daa83e"",""teamName"":""RIFT Esports"",""playerAId"":""oe:player:64d129224a5377b63e9727479ec987d"",""playerBId"":""oe:player:ecac964b00dc5f2bce529bf79d13eaf"",""playerA"":""Counter"",""playerB"":""Paresz"",""stats"":{""eligible"":false,""n_games_total"":7.0,""n_games"":0.0,""n_days"":0.0,""mean_impact"":null,""shrunk_impact"":null,""ci_low"":null,""ci_high"":null,""win_rate"":null}},""value"":null},{""row"":3,""col"":2,""kind"":""sparse"",""pair"":{""id"":""pair-bbb3424d09daf866"",""teamId"":""oe:team:636ad22c939bc97d743c271a0daa83e"",""teamName"":""RIFT Esports"",""playerAId"":""oe:player:64d129224a5377b63e9727479ec987d"",""playerBId"":""oe:player:dc419de6761d89185a629cc1831235d"",""playerA"":""Counter"",""playerB"":""Gaaloul"",""stats"":{""eligible"":false,""n_games_total"":10.0,""n_games"":3.0,""n_days"":3.0,""mean_impact"":-0.10794039,""shrunk_impact"":-0.02490932,""ci_low"":-0.16573936,""ci_high"":0.07154462,""win_rate"":0.33333333}},""value"":-0.02490932},{""row"":3,""col"":3,""kind"":""self"",""pair"":null,""value"":null},{""row"":3,""col"":4,""kind"":""sparse"",""pair"":{""id"":""pair-7716b0673c5c6b30"",""teamId"":""oe:team:636ad22c939bc97d743c271a0daa83e"",""teamName"":""RIFT Esports"",""playerAId"":""oe:player:4d855d5ac0497a11941e8948568db74"",""playerBId"":""oe:player:64d129224a5377b63e9727479ec987d"",""playerA"":""Rufus"",""playerB"":""Counter"",""stats"":{""eligible"":false,""n_games_total"":8.0,""n_games"":3.0,""n_days"":3.0,""mean_impact"":-0.1495495,""shrunk_impact"":-0.03451142,""ci_low"":-0.04156299,""ci_high"":-0.02980659,""win_rate"":0.33333333}},""value"":-0.03451142},{""row"":4,""col"":0,""kind"":""sparse"",""pair"":{""id"":""pair-108bf55b0035eb8d"",""teamId"":""oe:team:636ad22c939bc97d743c271a0daa83e"",""teamName"":""RIFT Esports"",""playerAId"":""oe:player:4d855d5ac0497a11941e8948568db74"",""playerBId"":""oe:player:fe2e2139e5ab31e17185537b335e52b"",""playerA"":""Rufus"",""playerB"":""Kubu"",""stats"":{""eligible"":false,""n_games_total"":8.0,""n_games"":3.0,""n_days"":3.0,""mean_impact"":0.28102916,""shrunk_impact"":0.06485288,""ci_low"":-0.044101,""ci_high"":0.12484043,""win_rate"":0.33333333}},""value"":0.06485288},{""row"":4,""col"":1,""kind"":""missing"",""pair"":{""id"":""pair-d0f7ada48dc9e28f"",""teamId"":""oe:team:636ad22c939bc97d743c271a0daa83e"",""teamName"":""RIFT Esports"",""playerAId"":""oe:player:4d855d5ac0497a11941e8948568db74"",""playerBId"":""oe:player:ecac964b00dc5f2bce529bf79d13eaf"",""playerA"":""Rufus"",""playerB"":""Paresz"",""stats"":{""eligible"":false,""n_games_total"":5.0,""n_games"":0.0,""n_days"":0.0,""mean_impact"":null,""shrunk_impact"":null,""ci_low"":null,""ci_high"":null,""win_rate"":null}},""value"":null},{""row"":4,""col"":2,""kind"":""sparse"",""pair"":{""id"":""pair-98eef66d75d20415"",""teamId"":""oe:team:636ad22c939bc97d743c271a0daa83e"",""teamName"":""RIFT Esports"",""playerAId"":""oe:player:4d855d5ac0497a11941e8948568db74"",""playerBId"":""oe:player:dc419de6761d89185a629cc1831235d"",""playerA"":""Rufus"",""playerB"":""Gaaloul"",""stats"":{""eligible"":false,""n_games_total"":8.0,""n_games"":3.0,""n_days"":3.0,""mean_impact"":-0.22603006,""shrunk_impact"":-0.05216078,""ci_low"":-0.0848481,""ci_high"":-0.01542657,""win_rate"":0.33333333}},""value"":-0.05216078},{""row"":4,""col"":3,""kind"":""sparse"",""pair"":{""id"":""pair-7716b0673c5c6b30"",""teamId"":""oe:team:636ad22c939bc97d743c271a0daa83e"",""teamName"":""RIFT Esports"",""playerAId"":""oe:player:4d855d5ac0497a11941e8948568db74"",""playerBId"":""oe:player:64d129224a5377b63e9727479ec987d"",""playerA"":""Rufus"",""playerB"":""Counter"",""stats"":{""eligible"":false,""n_games_total"":8.0,""n_games"":3.0,""n_days"":3.0,""mean_impact"":-0.1495495,""shrunk_impact"":-0.03451142,""ci_low"":-0.04156299,""ci_high"":-0.02980659,""win_rate"":0.33333333}},""value"":-0.03451142},{""row"":4,""col"":4,""kind"":""self"",""pair"":null,""value"":null}],""limit"":0.15,""hasEligiblePair"":false}"
lineup-acc5f3f20431fa5d,oe:team:e21e3adb4144bf39d2647579b25501f,WiLD MultiGaming,2019,oe:player:86a62d7139615a671299c93dd3d80e3,MarineHBS,oe:player:e5603e8f550c9a56f0acc79d5222b5f,SanyaDau,oe:player:c0c765321363c0d74c690dc29a5f3dc,Sora,oe:player:d8e818b0388d7719a3509993f61e418,Matebuff,oe:player:2d830f296e33c14105bd245a5cdbbf3,hextasy,11,11,11,-0.09428841,-0.04938917,-0.26936251,0.17213186,True,0.54545455,392.56339616,1.17449950,0.20879016,0.25560038,0.21806578,0.19082050,0.17803383,0.09868261,0.21669915,0.26672831,0.24749995,0.32181351,0.13970129,0.12195507,"{""version"":1,""players"":[{""id"":""oe:player:86a62d7139615a671299c93dd3d80e3"",""name"":""MarineHBS"",""role"":""top""},{""id"":""oe:player:e5603e8f550c9a56f0acc79d5222b5f"",""name"":""SanyaDau"",""role"":""jng""},{""id"":""oe:player:c0c765321363c0d74c690dc29a5f3dc"",""name"":""Sora"",""role"":""mid""},{""id"":""oe:player:d8e818b0388d7719a3509993f61e418"",""name"":""Matebuff"",""role"":""bot""},{""id"":""oe:player:2d830f296e33c14105bd245a5cdbbf3"",""name"":""hextasy"",""role"":""sup""}],""cells"":[{""row"":0,""col"":0,""kind"":""self"",""pair"":null,""value"":null},{""row"":0,""col"":1,""kind"":""eligible"",""pair"":{""id"":""pair-0fcaa2e60e29499a"",""teamId"":""oe:team:e21e3adb4144bf39d2647579b25501f"",""teamName"":""WiLD MultiGaming"",""playerAId"":""oe:player:86a62d7139615a671299c93dd3d80e3"",""playerBId"":""oe:player:e5603e8f550c9a56f0acc79d5222b5f"",""playerA"":""MarineHBS"",""playerB"":""SanyaDau"",""stats"":{""eligible"":true,""n_games_total"":34.0,""n_games"":27.0,""n_days"":21.0,""mean_impact"":-0.52445242,""shrunk_impact"":-0.38270852,""ci_low"":-0.5306899,""ci_high"":-0.26163003,""win_rate"":0.55555556}},""value"":-0.38270852},{""row"":0,""col"":2,""kind"":""eligible"",""pair"":{""id"":""pair-2f0844abbbeff6ba"",""teamId"":""oe:team:e21e3adb4144bf39d2647579b25501f"",""teamName"":""WiLD MultiGaming"",""playerAId"":""oe:player:86a62d7139615a671299c93dd3d80e3"",""playerBId"":""oe:player:c0c765321363c0d74c690dc29a5f3dc"",""playerA"":""MarineHBS"",""playerB"":""Sora"",""stats"":{""eligible"":true,""n_games_total"":12.0,""n_games"":12.0,""n_days"":12.0,""mean_impact"":-0.18175652,""shrunk_impact"":-0.09913992,""ci_low"":-0.29538061,""ci_high"":0.09667017,""win_rate"":0.58333333}},""value"":-0.09913992},{""row"":0,""col"":3,""kind"":""eligible"",""pair"":{""id"":""pair-925e7b55d1c4e2e6"",""teamId"":""oe:team:e21e3adb4144bf39d2647579b25501f"",""teamName"":""WiLD MultiGaming"",""playerAId"":""oe:player:86a62d7139615a671299c93dd3d80e3"",""playerBId"":""oe:player:d8e818b0388d7719a3509993f61e418"",""playerA"":""MarineHBS"",""playerB"":""Matebuff"",""stats"":{""eligible"":true,""n_games_total"":34.0,""n_games"":27.0,""n_days"":21.0,""mean_impact"":-0.09500198,""shrunk_impact"":-0.06932577,""ci_low"":-0.24200964,""ci_high"":0.1171235,""win_rate"":0.55555556}},""value"":-0.06932577},{""row"":0,""col"":4,""kind"":""eligible"",""pair"":{""id"":""pair-4d39c1b213122300"",""teamId"":""oe:team:e21e3adb4144bf39d2647579b25501f"",""teamName"":""WiLD MultiGaming"",""playerAId"":""oe:player:2d830f296e33c14105bd245a5cdbbf3"",""playerBId"":""oe:player:86a62d7139615a671299c93dd3d80e3"",""playerA"":""hextasy"",""playerB"":""MarineHBS"",""stats"":{""eligible"":true,""n_games_total"":33.0,""n_games"":26.0,""n_days"":20.0,""mean_impact"":-0.40793835,""shrunk_impact"":-0.29462214,""ci_low"":-0.49712092,""ci_high"":-0.0730225,""win_rate"":0.53846154}},""value"":-0.29462214},{""row"":1,""col"":0,""kind"":""eligible"",""pair"":{""id"":""pair-0fcaa2e60e29499a"",""teamId"":""oe:team:e21e3adb4144bf39d2647579b25501f"",""teamName"":""WiLD MultiGaming"",""playerAId"":""oe:player:86a62d7139615a671299c93dd3d80e3"",""playerBId"":""oe:player:e5603e8f550c9a56f0acc79d5222b5f"",""playerA"":""MarineHBS"",""playerB"":""SanyaDau"",""stats"":{""eligible"":true,""n_games_total"":34.0,""n_games"":27.0,""n_days"":21.0,""mean_impact"":-0.52445242,""shrunk_impact"":-0.38270852,""ci_low"":-0.5306899,""ci_high"":-0.26163003,""win_rate"":0.55555556}},""value"":-0.38270852},{""row"":1,""col"":1,""kind"":""self"",""pair"":null,""value"":null},{""row"":1,""col"":2,""kind"":""eligible"",""pair"":{""id"":""pair-db250856f63b856c"",""teamId"":""oe:team:e21e3adb4144bf39d2647579b25501f"",""teamName"":""WiLD MultiGaming"",""playerAId"":""oe:player:c0c765321363c0d74c690dc29a5f3dc"",""playerBId"":""oe:player:e5603e8f550c9a56f0acc79d5222b5f"",""playerA"":""Sora"",""playerB"":""SanyaDau"",""stats"":{""eligible"":true,""n_games_total"":13.0,""n_games"":13.0,""n_days"":13.0,""mean_impact"":-0.27023397,""shrunk_impact"":-0.15274094,""ci_low"":-0.33701047,""ci_high"":0.01865921,""win_rate"":0.61538462}},""value"":-0.15274094},{""row"":1,""col"":3,""kind"":""eligible"",""pair"":{""id"":""pair-f1d20f776072ee7d"",""teamId"":""oe:team:e21e3adb4144bf39d2647579b25501f"",""teamName"":""WiLD MultiGaming"",""playerAId"":""oe:player:d8e818b0388d7719a3509993f61e418"",""playerBId"":""oe:player:e5603e8f550c9a56f0acc79d5222b5f"",""playerA"":""Matebuff"",""playerB"":""SanyaDau"",""stats"":{""eligible"":true,""n_games_total"":36.0,""n_games"":29.0,""n_days"":23.0,""mean_impact"":-0.20342477,""shrunk_impact"":-0.15126457,""ci_low"":-0.33080314,""ci_high"":0.0656577,""win_rate"":0.55172414}},""value"":-0.15126457},{""row"":1,""col"":4,""kind"":""eligible"",""pair"":{""id"":""pair-de30965cbec60e1c"",""teamId"":""oe:team:e21e3adb4144bf39d2647579b25501f"",""teamName"":""WiLD MultiGaming"",""playerAId"":""oe:player:2d830f296e33c14105bd245a5cdbbf3"",""playerBId"":""oe:player:e5603e8f550c9a56f0acc79d5222b5f"",""playerA"":""hextasy"",""playerB"":""SanyaDau"",""stats"":{""eligible"":true,""n_games_total"":35.0,""n_games"":28.0,""n_days"":22.0,""mean_impact"":-0.56416435,""shrunk_impact"":-0.41570005,""ci_low"":-0.63005107,""ci_high"":-0.17805302,""win_rate"":0.53571429}},""value"":-0.41570005},{""row"":2,""col"":0,""kind"":""eligible"",""pair"":{""id"":""pair-2f0844abbbeff6ba"",""teamId"":""oe:team:e21e3adb4144bf39d2647579b25501f"",""teamName"":""WiLD MultiGaming"",""playerAId"":""oe:player:86a62d7139615a671299c93dd3d80e3"",""playerBId"":""oe:player:c0c765321363c0d74c690dc29a5f3dc"",""playerA"":""MarineHBS"",""playerB"":""Sora"",""stats"":{""eligible"":true,""n_games_total"":12.0,""n_games"":12.0,""n_days"":12.0,""mean_impact"":-0.18175652,""shrunk_impact"":-0.09913992,""ci_low"":-0.29538061,""ci_high"":0.09667017,""win_rate"":0.58333333}},""value"":-0.09913992},{""row"":2,""col"":1,""kind"":""eligible"",""pair"":{""id"":""pair-db250856f63b856c"",""teamId"":""oe:team:e21e3adb4144bf39d2647579b25501f"",""teamName"":""WiLD MultiGaming"",""playerAId"":""oe:player:c0c765321363c0d74c690dc29a5f3dc"",""playerBId"":""oe:player:e5603e8f550c9a56f0acc79d5222b5f"",""playerA"":""Sora"",""playerB"":""SanyaDau"",""stats"":{""eligible"":true,""n_games_total"":13.0,""n_games"":13.0,""n_days"":13.0,""mean_impact"":-0.27023397,""shrunk_impact"":-0.15274094,""ci_low"":-0.33701047,""ci_high"":0.01865921,""win_rate"":0.61538462}},""value"":-0.15274094},{""row"":2,""col"":2,""kind"":""self"",""pair"":null,""value"":null},{""row"":2,""col"":3,""kind"":""eligible"",""pair"":{""id"":""pair-12276531f2ee0f1d"",""teamId"":""oe:team:e21e3adb4144bf39d2647579b25501f"",""teamName"":""WiLD MultiGaming"",""playerAId"":""oe:player:c0c765321363c0d74c690dc29a5f3dc"",""playerBId"":""oe:player:d8e818b0388d7719a3509993f61e418"",""playerA"":""Sora"",""playerB"":""Matebuff"",""stats"":{""eligible"":true,""n_games_total"":13.0,""n_games"":13.0,""n_days"":13.0,""mean_impact"":0.33775673,""shrunk_impact"":0.19090598,""ci_low"":-0.11625429,""ci_high"":0.47013358,""win_rate"":0.61538462}},""value"":0.19090598},{""row"":2,""col"":4,""kind"":""eligible"",""pair"":{""id"":""pair-bc8958de6f0a5d5c"",""teamId"":""oe:team:e21e3adb4144bf39d2647579b25501f"",""teamName"":""WiLD MultiGaming"",""playerAId"":""oe:player:2d830f296e33c14105bd245a5cdbbf3"",""playerBId"":""oe:player:c0c765321363c0d74c690dc29a5f3dc"",""playerA"":""hextasy"",""playerB"":""Sora"",""stats"":{""eligible"":true,""n_games_total"":12.0,""n_games"":12.0,""n_days"":12.0,""mean_impact"":-0.00815934,""shrunk_impact"":-0.00445055,""ci_low"":-0.2764939,""ci_high"":0.32372941,""win_rate"":0.58333333}},""value"":-0.00445055},{""row"":3,""col"":0,""kind"":""eligible"",""pair"":{""id"":""pair-925e7b55d1c4e2e6"",""teamId"":""oe:team:e21e3adb4144bf39d2647579b25501f"",""teamName"":""WiLD MultiGaming"",""playerAId"":""oe:player:86a62d7139615a671299c93dd3d80e3"",""playerBId"":""oe:player:d8e818b0388d7719a3509993f61e418"",""playerA"":""MarineHBS"",""playerB"":""Matebuff"",""stats"":{""eligible"":true,""n_games_total"":34.0,""n_games"":27.0,""n_days"":21.0,""mean_impact"":-0.09500198,""shrunk_impact"":-0.06932577,""ci_low"":-0.24200964,""ci_high"":0.1171235,""win_rate"":0.55555556}},""value"":-0.06932577},{""row"":3,""col"":1,""kind"":""eligible"",""pair"":{""id"":""pair-f1d20f776072ee7d"",""teamId"":""oe:team:e21e3adb4144bf39d2647579b25501f"",""teamName"":""WiLD MultiGaming"",""playerAId"":""oe:player:d8e818b0388d7719a3509993f61e418"",""playerBId"":""oe:player:e5603e8f550c9a56f0acc79d5222b5f"",""playerA"":""Matebuff"",""playerB"":""SanyaDau"",""stats"":{""eligible"":true,""n_games_total"":36.0,""n_games"":29.0,""n_days"":23.0,""mean_impact"":-0.20342477,""shrunk_impact"":-0.15126457,""ci_low"":-0.33080314,""ci_high"":0.0656577,""win_rate"":0.55172414}},""value"":-0.15126457},{""row"":3,""col"":2,""kind"":""eligible"",""pair"":{""id"":""pair-12276531f2ee0f1d"",""teamId"":""oe:team:e21e3adb4144bf39d2647579b25501f"",""teamName"":""WiLD MultiGaming"",""playerAId"":""oe:player:c0c765321363c0d74c690dc29a5f3dc"",""playerBId"":""oe:player:d8e818b0388d7719a3509993f61e418"",""playerA"":""Sora"",""playerB"":""Matebuff"",""stats"":{""eligible"":true,""n_games_total"":13.0,""n_games"":13.0,""n_days"":13.0,""mean_impact"":0.33775673,""shrunk_impact"":0.19090598,""ci_low"":-0.11625429,""ci_high"":0.47013358,""win_rate"":0.61538462}},""value"":0.19090598},{""row"":3,""col"":3,""kind"":""self"",""pair"":null,""value"":null},{""row"":3,""col"":4,""kind"":""eligible"",""pair"":{""id"":""pair-77c0c8f1b6a31703"",""teamId"":""oe:team:e21e3adb4144bf39d2647579b25501f"",""teamName"":""WiLD MultiGaming"",""playerAId"":""oe:player:2d830f296e33c14105bd245a5cdbbf3"",""playerBId"":""oe:player:d8e818b0388d7719a3509993f61e418"",""playerA"":""hextasy"",""playerB"":""Matebuff"",""stats"":{""eligible"":true,""n_games_total"":35.0,""n_games"":28.0,""n_days"":22.0,""mean_impact"":-0.16730858,""shrunk_impact"":-0.12328001,""ci_low"":-0.42314514,""ci_high"":0.21248312,""win_rate"":0.53571429}},""value"":-0.12328001},{""row"":4,""col"":0,""kind"":""eligible"",""pair"":{""id"":""pair-4d39c1b213122300"",""teamId"":""oe:team:e21e3adb4144bf39d2647579b25501f"",""teamName"":""WiLD MultiGaming"",""playerAId"":""oe:player:2d830f296e33c14105bd245a5cdbbf3"",""playerBId"":""oe:player:86a62d7139615a671299c93dd3d80e3"",""playerA"":""hextasy"",""playerB"":""MarineHBS"",""stats"":{""eligible"":true,""n_games_total"":33.0,""n_games"":26.0,""n_days"":20.0,""mean_impact"":-0.40793835,""shrunk_impact"":-0.29462214,""ci_low"":-0.49712092,""ci_high"":-0.0730225,""win_rate"":0.53846154}},""value"":-0.29462214},{""row"":4,""col"":1,""kind"":""eligible"",""pair"":{""id"":""pair-de30965cbec60e1c"",""teamId"":""oe:team:e21e3adb4144bf39d2647579b25501f"",""teamName"":""WiLD MultiGaming"",""playerAId"":""oe:player:2d830f296e33c14105bd245a5cdbbf3"",""playerBId"":""oe:player:e5603e8f550c9a56f0acc79d5222b5f"",""playerA"":""hextasy"",""playerB"":""SanyaDau"",""stats"":{""eligible"":true,""n_games_total"":35.0,""n_games"":28.0,""n_days"":22.0,""mean_impact"":-0.56416435,""shrunk_impact"":-0.41570005,""ci_low"":-0.63005107,""ci_high"":-0.17805302,""win_rate"":0.53571429}},""value"":-0.41570005},{""row"":4,""col"":2,""kind"":""eligible"",""pair"":{""id"":""pair-bc8958de6f0a5d5c"",""teamId"":""oe:team:e21e3adb4144bf39d2647579b25501f"",""teamName"":""WiLD MultiGaming"",""playerAId"":""oe:player:2d830f296e33c14105bd245a5cdbbf3"",""playerBId"":""oe:player:c0c765321363c0d74c690dc29a5f3dc"",""playerA"":""hextasy"",""playerB"":""Sora"",""stats"":{""eligible"":true,""n_games_total"":12.0,""n_games"":12.0,""n_days"":12.0,""mean_impact"":-0.00815934,""shrunk_impact"":-0.00445055,""ci_low"":-0.2764939,""ci_high"":0.32372941,""win_rate"":0.58333333}},""value"":-0.00445055},{""row"":4,""col"":3,""kind"":""eligible"",""pair"":{""id"":""pair-77c0c8f1b6a31703"",""teamId"":""oe:team:e21e3adb4144bf39d2647579b25501f"",""teamName"":""WiLD MultiGaming"",""playerAId"":""oe:player:2d830f296e33c14105bd245a5cdbbf3"",""playerBId"":""oe:player:d8e818b0388d7719a3509993f61e418"",""playerA"":""hextasy"",""playerB"":""Matebuff"",""stats"":{""eligible"":true,""n_games_total"":35.0,""n_games"":28.0,""n_days"":22.0,""mean_impact"":-0.16730858,""shrunk_impact"":-0.12328001,""ci_low"":-0.42314514,""ci_high"":0.21248312,""win_rate"":0.53571429}},""value"":-0.12328001},{""row"":4,""col"":4,""kind"":""self"",""pair"":null,""value"":null}],""limit"":0.41570005,""hasEligiblePair"":true}"
lineup-b2893bf1c8fb8368,oe:team:4e653f6d72f24b97fb8f67d25a03c90,The Plan,2019,oe:player:24bb48091f3f1bb7302ac7f785f9d6d,FengDere,oe:player:24ee61d18bac66e65561acb777bfa3e,Alby,oe:player:92446c031dbe789c917c6da0d7ab44b,Apples,oe:player:48bef668b5cb10ddc6c3865d460e327,TakeSet,oe:player:acc1b36d8d542ce2e2ee369a40267ae,KroMAX,3,3,3,-0.30819502,-0.07112193,-0.21276996,0.03987691,False,0.33333333,325.56550296,1.25991764,0.20931343,0.22681963,0.19921693,0.19677130,0.18914392,0.17008935,0.23006073,0.27529640,0.25277730,0.24064499,0.12880112,0.11719796,"{""version"":1,""players"":[{""id"":""oe:player:24bb48091f3f1bb7302ac7f785f9d6d"",""name"":""FengDere"",""role"":""sup""},{""id"":""oe:player:24ee61d18bac66e65561acb777bfa3e"",""name"":""Alby"",""role"":""jng""},{""id"":""oe:player:92446c031dbe789c917c6da0d7ab44b"",""name"":""Apples"",""role"":""mid""},{""id"":""oe:player:48bef668b5cb10ddc6c3865d460e327"",""name"":""TakeSet"",""role"":""bot""},{""id"":""oe:player:acc1b36d8d542ce2e2ee369a40267ae"",""name"":""KroMAX"",""role"":""sup""}],""cells"":[{""row"":0,""col"":0,""kind"":""self"",""pair"":null,""value"":null},{""row"":0,""col"":1,""kind"":""sparse"",""pair"":{""id"":""pair-207b838ccc2b03bf"",""teamId"":""oe:team:4e653f6d72f24b97fb8f67d25a03c90"",""teamName"":""The Plan"",""playerAId"":""oe:player:24bb48091f3f1bb7302ac7f785f9d6d"",""playerBId"":""oe:player:24ee61d18bac66e65561acb777bfa3e"",""playerA"":""FengDere"",""playerB"":""Alby"",""stats"":{""eligible"":false,""n_games_total"":3.0,""n_games"":3.0,""n_days"":3.0,""mean_impact"":-0.37297357,""shrunk_impact"":-0.08607082,""ci_low"":-0.14136708,""ci_high"":-0.01219111,""win_rate"":0.33333333}},""value"":-0.08607082},{""row"":0,""col"":2,""kind"":""sparse"",""pair"":{""id"":""pair-83bccaee0b76d7ae"",""teamId"":""oe:team:4e653f6d72f24b97fb8f67d25a03c90"",""teamName"":""The Plan"",""playerAId"":""oe:player:24bb48091f3f1bb7302ac7f785f9d6d"",""playerBId"":""oe:player:92446c031dbe789c917c6da0d7ab44b"",""playerA"":""FengDere"",""playerB"":""Apples"",""stats"":{""eligible"":false,""n_games_total"":9.0,""n_games"":9.0,""n_days"":9.0,""mean_impact"":-0.02433933,""shrunk_impact"":-0.01152915,""ci_low"":-0.17380342,""ci_high"":0.1526505,""win_rate"":0.11111111}},""value"":-0.01152915},{""row"":0,""col"":3,""kind"":""sparse"",""pair"":{""id"":""pair-a48ce11cc4782d23"",""teamId"":""oe:team:4e653f6d72f24b97fb8f67d25a03c90"",""teamName"":""The Plan"",""playerAId"":""oe:player:24bb48091f3f1bb7302ac7f785f9d6d"",""playerBId"":""oe:player:48bef668b5cb10ddc6c3865d460e327"",""playerA"":""FengDere"",""playerB"":""TakeSet"",""stats"":{""eligible"":false,""n_games_total"":5.0,""n_games"":5.0,""n_days"":5.0,""mean_impact"":-0.41745536,""shrunk_impact"":-0.13915179,""ci_low"":-0.29453726,""ci_high"":0.00535879,""win_rate"":0.2}},""value"":-0.13915179},{""row"":0,""col"":4,""kind"":""eligible"",""pair"":{""id"":""pair-13674d19460c6de1"",""teamId"":""oe:team:4e653f6d72f24b97fb8f67d25a03c90"",""teamName"":""The Plan"",""playerAId"":""oe:player:24bb48091f3f1bb7302ac7f785f9d6d"",""playerBId"":""oe:player:acc1b36d8d542ce2e2ee369a40267ae"",""playerA"":""FengDere"",""playerB"":""KroMAX"",""stats"":{""eligible"":true,""n_games_total"":12.0,""n_games"":12.0,""n_days"":12.0,""mean_impact"":-0.22154816,""shrunk_impact"":-0.12084445,""ci_low"":-0.35845969,""ci_high"":0.21559237,""win_rate"":0.08333333}},""value"":-0.12084445},{""row"":1,""col"":0,""kind"":""sparse"",""pair"":{""id"":""pair-207b838ccc2b03bf"",""teamId"":""oe:team:4e653f6d72f24b97fb8f67d25a03c90"",""teamName"":""The Plan"",""playerAId"":""oe:player:24bb48091f3f1bb7302ac7f785f9d6d"",""playerBId"":""oe:player:24ee61d18bac66e65561acb777bfa3e"",""playerA"":""FengDere"",""playerB"":""Alby"",""stats"":{""eligible"":false,""n_games_total"":3.0,""n_games"":3.0,""n_days"":3.0,""mean_impact"":-0.37297357,""shrunk_impact"":-0.08607082,""ci_low"":-0.14136708,""ci_high"":-0.01219111,""win_rate"":0.33333333}},""value"":-0.08607082},{""row"":1,""col"":1,""kind"":""self"",""pair"":null,""value"":null},{""row"":1,""col"":2,""kind"":""sparse"",""pair"":{""id"":""pair-73dfeb3f7e96458c"",""teamId"":""oe:team:4e653f6d72f24b97fb8f67d25a03c90"",""teamName"":""The Plan"",""playerAId"":""oe:player:24ee61d18bac66e65561acb777bfa3e"",""playerBId"":""oe:player:92446c031dbe789c917c6da0d7ab44b"",""playerA"":""Alby"",""playerB"":""Apples"",""stats"":{""eligible"":false,""n_games_total"":4.0,""n_games"":4.0,""n_days"":4.0,""mean_impact"":-0.2031175,""shrunk_impact"":-0.05803357,""ci_low"":-0.12096658,""ci_high"":0.00489944,""win_rate"":0.5}},""value"":-0.05803357},{""row"":1,""col"":3,""kind"":""sparse"",""pair"":{""id"":""pair-dbc4cf3cbccd4a37"",""teamId"":""oe:team:4e653f6d72f24b97fb8f67d25a03c90"",""teamName"":""The Plan"",""playerAId"":""oe:player:24ee61d18bac66e65561acb777bfa3e"",""playerBId"":""oe:player:48bef668b5cb10ddc6c3865d460e327"",""playerA"":""Alby"",""playerB"":""TakeSet"",""stats"":{""eligible"":false,""n_games_total"":4.0,""n_games"":4.0,""n_days"":4.0,""mean_impact"":-0.05353878,""shrunk_impact"":-0.01529679,""ci_low"":-0.20444351,""ci_high"":0.17384992,""win_rate"":0.5}},""value"":-0.01529679},{""row"":1,""col"":4,""kind"":""sparse"",""pair"":{""id"":""pair-012a4b351fb6a216"",""teamId"":""oe:team:4e653f6d72f24b97fb8f67d25a03c90"",""teamName"":""The Plan"",""playerAId"":""oe:player:24ee61d18bac66e65561acb777bfa3e"",""playerBId"":""oe:player:acc1b36d8d542ce2e2ee369a40267ae"",""playerA"":""Alby"",""playerB"":""KroMAX"",""stats"":{""eligible"":false,""n_games_total"":4.0,""n_games"":4.0,""n_days"":4.0,""mean_impact"":-0.39728711,""shrunk_impact"":-0.1135106,""ci_low"":-0.22501344,""ci_high"":0.01978976,""win_rate"":0.5}},""value"":-0.1135106},{""row"":2,""col"":0,""kind"":""sparse"",""pair"":{""id"":""pair-83bccaee0b76d7ae"",""teamId"":""oe:team:4e653f6d72f24b97fb8f67d25a03c90"",""teamName"":""The Plan"",""playerAId"":""oe:player:24bb48091f3f1bb7302ac7f785f9d6d"",""playerBId"":""oe:player:92446c031dbe789c917c6da0d7ab44b"",""playerA"":""FengDere"",""playerB"":""Apples"",""stats"":{""eligible"":false,""n_games_total"":9.0,""n_games"":9.0,""n_days"":9.0,""mean_impact"":-0.02433933,""shrunk_impact"":-0.01152915,""ci_low"":-0.17380342,""ci_high"":0.1526505,""win_rate"":0.11111111}},""value"":-0.01152915},{""row"":2,""col"":1,""kind"":""sparse"",""pair"":{""id"":""pair-73dfeb3f7e96458c"",""teamId"":""oe:team:4e653f6d72f24b97fb8f67d25a03c90"",""teamName"":""The Plan"",""playerAId"":""oe:player:24ee61d18bac66e65561acb777bfa3e"",""playerBId"":""oe:player:92446c031dbe789c917c6da0d7ab44b"",""playerA"":""Alby"",""playerB"":""Apples"",""stats"":{""eligible"":false,""n_games_total"":4.0,""n_games"":4.0,""n_days"":4.0,""mean_impact"":-0.2031175,""shrunk_impact"":-0.05803357,""ci_low"":-0.12096658,""ci_high"":0.00489944,""win_rate"":0.5}},""value"":-0.05803357},{""row"":2,""col"":2,""kind"":""self"",""pair"":null,""value"":null},{""row"":2,""col"":3,""kind"":""sparse"",""pair"":{""id"":""pair-6172aec12b70cd1c"",""teamId"":""oe:team:4e653f6d72f24b97fb8f67d25a03c90"",""teamName"":""The Plan"",""playerAId"":""oe:player:48bef668b5cb10ddc6c3865d460e327"",""playerBId"":""oe:player:92446c031dbe789c917c6da0d7ab44b"",""playerA"":""TakeSet"",""playerB"":""Apples"",""stats"":{""eligible"":false,""n_games_total"":6.0,""n_games"":6.0,""n_days"":6.0,""mean_impact"":-0.07602131,""shrunk_impact"":-0.02850799,""ci_low"":-0.211482,""ci_high"":0.11449839,""win_rate"":0.33333333}},""value"":-0.02850799},{""row"":2,""col"":4,""kind"":""eligible"",""pair"":{""id"":""pair-e7c692b0121868d6"",""teamId"":""oe:team:4e653f6d72f24b97fb8f67d25a03c90"",""teamName"":""The Plan"",""playerAId"":""oe:player:92446c031dbe789c917c6da0d7ab44b"",""playerBId"":""oe:player:acc1b36d8d542ce2e2ee369a40267ae"",""playerA"":""Apples"",""playerB"":""KroMAX"",""stats"":{""eligible"":true,""n_games_total"":10.0,""n_games"":10.0,""n_days"":10.0,""mean_impact"":-0.08514323,""shrunk_impact"":-0.04257161,""ci_low"":-0.25712445,""ci_high"":0.19819192,""win_rate"":0.2}},""value"":-0.04257161},{""row"":3,""col"":0,""kind"":""sparse"",""pair"":{""id"":""pair-a48ce11cc4782d23"",""teamId"":""oe:team:4e653f6d72f24b97fb8f67d25a03c90"",""teamName"":""The Plan"",""playerAId"":""oe:player:24bb48091f3f1bb7302ac7f785f9d6d"",""playerBId"":""oe:player:48bef668b5cb10ddc6c3865d460e327"",""playerA"":""FengDere"",""playerB"":""TakeSet"",""stats"":{""eligible"":false,""n_games_total"":5.0,""n_games"":5.0,""n_days"":5.0,""mean_impact"":-0.41745536,""shrunk_impact"":-0.13915179,""ci_low"":-0.29453726,""ci_high"":0.00535879,""win_rate"":0.2}},""value"":-0.13915179},{""row"":3,""col"":1,""kind"":""sparse"",""pair"":{""id"":""pair-dbc4cf3cbccd4a37"",""teamId"":""oe:team:4e653f6d72f24b97fb8f67d25a03c90"",""teamName"":""The Plan"",""playerAId"":""oe:player:24ee61d18bac66e65561acb777bfa3e"",""playerBId"":""oe:player:48bef668b5cb10ddc6c3865d460e327"",""playerA"":""Alby"",""playerB"":""TakeSet"",""stats"":{""eligible"":false,""n_games_total"":4.0,""n_games"":4.0,""n_days"":4.0,""mean_impact"":-0.05353878,""shrunk_impact"":-0.01529679,""ci_low"":-0.20444351,""ci_high"":0.17384992,""win_rate"":0.5}},""value"":-0.01529679},{""row"":3,""col"":2,""kind"":""sparse"",""pair"":{""id"":""pair-6172aec12b70cd1c"",""teamId"":""oe:team:4e653f6d72f24b97fb8f67d25a03c90"",""teamName"":""The Plan"",""playerAId"":""oe:player:48bef668b5cb10ddc6c3865d460e327"",""playerBId"":""oe:player:92446c031dbe789c917c6da0d7ab44b"",""playerA"":""TakeSet"",""playerB"":""Apples"",""stats"":{""eligible"":false,""n_games_total"":6.0,""n_games"":6.0,""n_days"":6.0,""mean_impact"":-0.07602131,""shrunk_impact"":-0.02850799,""ci_low"":-0.211482,""ci_high"":0.11449839,""win_rate"":0.33333333}},""value"":-0.02850799},{""row"":3,""col"":3,""kind"":""self"",""pair"":null,""value"":null},{""row"":3,""col"":4,""kind"":""sparse"",""pair"":{""id"":""pair-bc08cb78e5eca07e"",""teamId"":""oe:team:4e653f6d72f24b97fb8f67d25a03c90"",""teamName"":""The Plan"",""playerAId"":""oe:player:48bef668b5cb10ddc6c3865d460e327"",""playerBId"":""oe:player:acc1b36d8d542ce2e2ee369a40267ae"",""playerA"":""TakeSet"",""playerB"":""KroMAX"",""stats"":{""eligible"":false,""n_games_total"":6.0,""n_games"":6.0,""n_days"":6.0,""mean_impact"":-0.29839831,""shrunk_impact"":-0.11189937,""ci_low"":-0.29604597,""ci_high"":0.07136797,""win_rate"":0.33333333}},""value"":-0.11189937},{""row"":4,""col"":0,""kind"":""eligible"",""pair"":{""id"":""pair-13674d19460c6de1"",""teamId"":""oe:team:4e653f6d72f24b97fb8f67d25a03c90"",""teamName"":""The Plan"",""playerAId"":""oe:player:24bb48091f3f1bb7302ac7f785f9d6d"",""playerBId"":""oe:player:acc1b36d8d542ce2e2ee369a40267ae"",""playerA"":""FengDere"",""playerB"":""KroMAX"",""stats"":{""eligible"":true,""n_games_total"":12.0,""n_games"":12.0,""n_days"":12.0,""mean_impact"":-0.22154816,""shrunk_impact"":-0.12084445,""ci_low"":-0.35845969,""ci_high"":0.21559237,""win_rate"":0.08333333}},""value"":-0.12084445},{""row"":4,""col"":1,""kind"":""sparse"",""pair"":{""id"":""pair-012a4b351fb6a216"",""teamId"":""oe:team:4e653f6d72f24b97fb8f67d25a03c90"",""teamName"":""The Plan"",""playerAId"":""oe:player:24ee61d18bac66e65561acb777bfa3e"",""playerBId"":""oe:player:acc1b36d8d542ce2e2ee369a40267ae"",""playerA"":""Alby"",""playerB"":""KroMAX"",""stats"":{""eligible"":false,""n_games_total"":4.0,""n_games"":4.0,""n_days"":4.0,""mean_impact"":-0.39728711,""shrunk_impact"":-0.1135106,""ci_low"":-0.22501344,""ci_high"":0.01978976,""win_rate"":0.5}},""value"":-0.1135106},{""row"":4,""col"":2,""kind"":""eligible"",""pair"":{""id"":""pair-e7c692b0121868d6"",""teamId"":""oe:team:4e653f6d72f24b97fb8f67d25a03c90"",""teamName"":""The Plan"",""playerAId"":""oe:player:92446c031dbe789c917c6da0d7ab44b"",""playerBId"":""oe:player:acc1b36d8d542ce2e2ee369a40267ae"",""playerA"":""Apples"",""playerB"":""KroMAX"",""stats"":{""eligible"":true,""n_games_total"":10.0,""n_games"":10.0,""n_days"":10.0,""mean_impact"":-0.08514323,""shrunk_impact"":-0.04257161,""ci_low"":-0.25712445,""ci_high"":0.19819192,""win_rate"":0.2}},""value"":-0.04257161},{""row"":4,""col"":3,""kind"":""sparse"",""pair"":{""id"":""pair-bc08cb78e5eca07e"",""teamId"":""oe:team:4e653f6d72f24b97fb8f67d25a03c90"",""teamName"":""The Plan"",""playerAId"":""oe:player:48bef668b5cb10ddc6c3865d460e327"",""playerBId"":""oe:player:acc1b36d8d542ce2e2ee369a40267ae"",""playerA"":""TakeSet"",""playerB"":""KroMAX"",""stats"":{""eligible"":false,""n_games_total"":6.0,""n_games"":6.0,""n_days"":6.0,""mean_impact"":-0.29839831,""shrunk_impact"":-0.11189937,""ci_low"":-0.29604597,""ci_high"":0.07136797,""win_rate"":0.33333333}},""value"":-0.11189937},{""row"":4,""col"":4,""kind"":""self"",""pair"":null,""value"":null}],""limit"":0.15,""hasEligiblePair"":true}"
lineup-b3777e88d417fca4,oe:team:f60c41e54d2d0eaad6159eeb45336b4,Random 5,2019,oe:player:5e4e5f10bd862a0c9a3b6b5a86d4ce5,LUBEEENZZZ,oe:player:11389d6d8a29729807c3cf528a98050,SPOOKY,oe:player:1e1db24bf0fc4f96936d640998c3756,Lmzs,oe:player:c8c871675cf00113f4f4e63ebc43fae,WildRabbit,oe:player:046bc46d1fafc28f2908ddaf25434db,Turanaga,1,0,0,,,,,False,,,,,,,,,,,,,,,,"{""version"":1,""players"":[{""id"":""oe:player:5e4e5f10bd862a0c9a3b6b5a86d4ce5"",""name"":""LUBEEENZZZ"",""role"":""top""},{""id"":""oe:player:11389d6d8a29729807c3cf528a98050"",""name"":""SPOOKY"",""role"":""jng""},{""id"":""oe:player:1e1db24bf0fc4f96936d640998c3756"",""name"":""Lmzs"",""role"":""mid""},{""id"":""oe:player:c8c871675cf00113f4f4e63ebc43fae"",""name"":""WildRabbit"",""role"":""bot""},{""id"":""oe:player:046bc46d1fafc28f2908ddaf25434db"",""name"":""Turanaga"",""role"":""sup""}],""cells"":[{""row"":0,""col"":0,""kind"":""self"",""pair"":null,""value"":null},{""row"":0,""col"":1,""kind"":""eligible"",""pair"":{""id"":""pair-a9b880424b0f274a"",""teamId"":""oe:team:f60c41e54d2d0eaad6159eeb45336b4"",""teamName"":""Random 5"",""playerAId"":""oe:player:11389d6d8a29729807c3cf528a98050"",""playerBId"":""oe:player:5e4e5f10bd862a0c9a3b6b5a86d4ce5"",""playerA"":""SPOOKY"",""playerB"":""LUBEEENZZZ"",""stats"":{""eligible"":true,""n_games_total"":22.0,""n_games"":15.0,""n_days"":9.0,""mean_impact"":0.14809095,""shrunk_impact"":0.08885457,""ci_low"":-0.03729261,""ci_high"":0.35260821,""win_rate"":0.73333333}},""value"":0.08885457},{""row"":0,""col"":2,""kind"":""eligible"",""pair"":{""id"":""pair-69f471df481b689d"",""teamId"":""oe:team:f60c41e54d2d0eaad6159eeb45336b4"",""teamName"":""Random 5"",""playerAId"":""oe:player:1e1db24bf0fc4f96936d640998c3756"",""playerBId"":""oe:player:5e4e5f10bd862a0c9a3b6b5a86d4ce5"",""playerA"":""Lmzs"",""playerB"":""LUBEEENZZZ"",""stats"":{""eligible"":true,""n_games_total"":35.0,""n_games"":28.0,""n_days"":22.0,""mean_impact"":0.12107763,""shrunk_impact"":0.08921509,""ci_low"":-0.11564125,""ci_high"":0.25167966,""win_rate"":0.57142857}},""value"":0.08921509},{""row"":0,""col"":3,""kind"":""eligible"",""pair"":{""id"":""pair-8cd19d07f23fd9b5"",""teamId"":""oe:team:f60c41e54d2d0eaad6159eeb45336b4"",""teamName"":""Random 5"",""playerAId"":""oe:player:5e4e5f10bd862a0c9a3b6b5a86d4ce5"",""playerBId"":""oe:player:c8c871675cf00113f4f4e63ebc43fae"",""playerA"":""LUBEEENZZZ"",""playerB"":""WildRabbit"",""stats"":{""eligible"":true,""n_games_total"":14.0,""n_games"":13.0,""n_days"":13.0,""mean_impact"":-0.27195259,""shrunk_impact"":-0.15371233,""ci_low"":-0.35428993,""ci_high"":0.06325352,""win_rate"":0.38461538}},""value"":-0.15371233},{""row"":0,""col"":4,""kind"":""eligible"",""pair"":{""id"":""pair-b6f4f3741d8b933d"",""teamId"":""oe:team:f60c41e54d2d0eaad6159eeb45336b4"",""teamName"":""Random 5"",""playerAId"":""oe:player:046bc46d1fafc28f2908ddaf25434db"",""playerBId"":""oe:player:5e4e5f10bd862a0c9a3b6b5a86d4ce5"",""playerA"":""Turanaga"",""playerB"":""LUBEEENZZZ"",""stats"":{""eligible"":true,""n_games_total"":35.0,""n_games"":28.0,""n_days"":22.0,""mean_impact"":-0.0891351,""shrunk_impact"":-0.06567849,""ci_low"":-0.26602029,""ci_high"":0.14189361,""win_rate"":0.57142857}},""value"":-0.06567849},{""row"":1,""col"":0,""kind"":""eligible"",""pair"":{""id"":""pair-a9b880424b0f274a"",""teamId"":""oe:team:f60c41e54d2d0eaad6159eeb45336b4"",""teamName"":""Random 5"",""playerAId"":""oe:player:11389d6d8a29729807c3cf528a98050"",""playerBId"":""oe:player:5e4e5f10bd862a0c9a3b6b5a86d4ce5"",""playerA"":""SPOOKY"",""playerB"":""LUBEEENZZZ"",""stats"":{""eligible"":true,""n_games_total"":22.0,""n_games"":15.0,""n_days"":9.0,""mean_impact"":0.14809095,""shrunk_impact"":0.08885457,""ci_low"":-0.03729261,""ci_high"":0.35260821,""win_rate"":0.73333333}},""value"":0.08885457},{""row"":1,""col"":1,""kind"":""self"",""pair"":null,""value"":null},{""row"":1,""col"":2,""kind"":""eligible"",""pair"":{""id"":""pair-adc767af189708dc"",""teamId"":""oe:team:f60c41e54d2d0eaad6159eeb45336b4"",""teamName"":""Random 5"",""playerAId"":""oe:player:11389d6d8a29729807c3cf528a98050"",""playerBId"":""oe:player:1e1db24bf0fc4f96936d640998c3756"",""playerA"":""SPOOKY"",""playerB"":""Lmzs"",""stats"":{""eligible"":true,""n_games_total"":22.0,""n_games"":15.0,""n_days"":9.0,""mean_impact"":0.21251834,""shrunk_impact"":0.127511,""ci_low"":-0.20159705,""ci_high"":0.36004346,""win_rate"":0.73333333}},""value"":0.127511},{""row"":1,""col"":3,""kind"":""missing"",""pair"":{""id"":""pair-0b19040b23122b1d"",""teamId"":""oe:team:f60c41e54d2d0eaad6159eeb45336b4"",""teamName"":""Random 5"",""playerAId"":""oe:player:11389d6d8a29729807c3cf528a98050"",""playerBId"":""oe:player:c8c871675cf00113f4f4e63ebc43fae"",""playerA"":""SPOOKY"",""playerB"":""WildRabbit"",""stats"":{""eligible"":false,""n_games_total"":1.0,""n_games"":0.0,""n_days"":0.0,""mean_impact"":null,""shrunk_impact"":null,""ci_low"":null,""ci_high"":null,""win_rate"":null}},""value"":null},{""row"":1,""col"":4,""kind"":""eligible"",""pair"":{""id"":""pair-49374cc668d17bea"",""teamId"":""oe:team:f60c41e54d2d0eaad6159eeb45336b4"",""teamName"":""Random 5"",""playerAId"":""oe:player:046bc46d1fafc28f2908ddaf25434db"",""playerBId"":""oe:player:11389d6d8a29729807c3cf528a98050"",""playerA"":""Turanaga"",""playerB"":""SPOOKY"",""stats"":{""eligible"":true,""n_games_total"":22.0,""n_games"":15.0,""n_days"":9.0,""mean_impact"":-0.06395389,""shrunk_impact"":-0.03837233,""ci_low"":-0.32711817,""ci_high"":0.22334841,""win_rate"":0.73333333}},""value"":-0.03837233},{""row"":2,""col"":0,""kind"":""eligible"",""pair"":{""id"":""pair-69f471df481b689d"",""teamId"":""oe:team:f60c41e54d2d0eaad6159eeb45336b4"",""teamName"":""Random 5"",""playerAId"":""oe:player:1e1db24bf0fc4f96936d640998c3756"",""playerBId"":""oe:player:5e4e5f10bd862a0c9a3b6b5a86d4ce5"",""playerA"":""Lmzs"",""playerB"":""LUBEEENZZZ"",""stats"":{""eligible"":true,""n_games_total"":35.0,""n_games"":28.0,""n_days"":22.0,""mean_impact"":0.12107763,""shrunk_impact"":0.08921509,""ci_low"":-0.11564125,""ci_high"":0.25167966,""win_rate"":0.57142857}},""value"":0.08921509},{""row"":2,""col"":1,""kind"":""eligible"",""pair"":{""id"":""pair-adc767af189708dc"",""teamId"":""oe:team:f60c41e54d2d0eaad6159eeb45336b4"",""teamName"":""Random 5"",""playerAId"":""oe:player:11389d6d8a29729807c3cf528a98050"",""playerBId"":""oe:player:1e1db24bf0fc4f96936d640998c3756"",""playerA"":""SPOOKY"",""playerB"":""Lmzs"",""stats"":{""eligible"":true,""n_games_total"":22.0,""n_games"":15.0,""n_days"":9.0,""mean_impact"":0.21251834,""shrunk_impact"":0.127511,""ci_low"":-0.20159705,""ci_high"":0.36004346,""win_rate"":0.73333333}},""value"":0.127511},{""row"":2,""col"":2,""kind"":""self"",""pair"":null,""value"":null},{""row"":2,""col"":3,""kind"":""eligible"",""pair"":{""id"":""pair-515fd19a3699d4a9"",""teamId"":""oe:team:f60c41e54d2d0eaad6159eeb45336b4"",""teamName"":""Random 5"",""playerAId"":""oe:player:1e1db24bf0fc4f96936d640998c3756"",""playerBId"":""oe:player:c8c871675cf00113f4f4e63ebc43fae"",""playerA"":""Lmzs"",""playerB"":""WildRabbit"",""stats"":{""eligible"":true,""n_games_total"":14.0,""n_games"":13.0,""n_days"":13.0,""mean_impact"":-0.15915204,""shrunk_impact"":-0.0899555,""ci_low"":-0.32644396,""ci_high"":0.16353434,""win_rate"":0.38461538}},""value"":-0.0899555},{""row"":2,""col"":4,""kind"":""eligible"",""pair"":{""id"":""pair-b27d7b077de8affd"",""teamId"":""oe:team:f60c41e54d2d0eaad6159eeb45336b4"",""teamName"":""Random 5"",""playerAId"":""oe:player:046bc46d1fafc28f2908ddaf25434db"",""playerBId"":""oe:player:1e1db24bf0fc4f96936d640998c3756"",""playerA"":""Turanaga"",""playerB"":""Lmzs"",""stats"":{""eligible"":true,""n_games_total"":35.0,""n_games"":28.0,""n_days"":22.0,""mean_impact"":-0.00224874,""shrunk_impact"":-0.00165697,""ci_low"":-0.28418164,""ci_high"":0.22614324,""win_rate"":0.57142857}},""value"":-0.00165697},{""row"":3,""col"":0,""kind"":""eligible"",""pair"":{""id"":""pair-8cd19d07f23fd9b5"",""teamId"":""oe:team:f60c41e54d2d0eaad6159eeb45336b4"",""teamName"":""Random 5"",""playerAId"":""oe:player:5e4e5f10bd862a0c9a3b6b5a86d4ce5"",""playerBId"":""oe:player:c8c871675cf00113f4f4e63ebc43fae"",""playerA"":""LUBEEENZZZ"",""playerB"":""WildRabbit"",""stats"":{""eligible"":true,""n_games_total"":14.0,""n_games"":13.0,""n_days"":13.0,""mean_impact"":-0.27195259,""shrunk_impact"":-0.15371233,""ci_low"":-0.35428993,""ci_high"":0.06325352,""win_rate"":0.38461538}},""value"":-0.15371233},{""row"":3,""col"":1,""kind"":""missing"",""pair"":{""id"":""pair-0b19040b23122b1d"",""teamId"":""oe:team:f60c41e54d2d0eaad6159eeb45336b4"",""teamName"":""Random 5"",""playerAId"":""oe:player:11389d6d8a29729807c3cf528a98050"",""playerBId"":""oe:player:c8c871675cf00113f4f4e63ebc43fae"",""playerA"":""SPOOKY"",""playerB"":""WildRabbit"",""stats"":{""eligible"":false,""n_games_total"":1.0,""n_games"":0.0,""n_days"":0.0,""mean_impact"":null,""shrunk_impact"":null,""ci_low"":null,""ci_high"":null,""win_rate"":null}},""value"":null},{""row"":3,""col"":2,""kind"":""eligible"",""pair"":{""id"":""pair-515fd19a3699d4a9"",""teamId"":""oe:team:f60c41e54d2d0eaad6159eeb45336b4"",""teamName"":""Random 5"",""playerAId"":""oe:player:1e1db24bf0fc4f96936d640998c3756"",""playerBId"":""oe:player:c8c871675cf00113f4f4e63ebc43fae"",""playerA"":""Lmzs"",""playerB"":""WildRabbit"",""stats"":{""eligible"":true,""n_games_total"":14.0,""n_games"":13.0,""n_days"":13.0,""mean_impact"":-0.15915204,""shrunk_impact"":-0.0899555,""ci_low"":-0.32644396,""ci_high"":0.16353434,""win_rate"":0.38461538}},""value"":-0.0899555},{""row"":3,""col"":3,""kind"":""self"",""pair"":null,""value"":null},{""row"":3,""col"":4,""kind"":""eligible"",""pair"":{""id"":""pair-536dff2c1d3f003c"",""teamId"":""oe:team:f60c41e54d2d0eaad6159eeb45336b4"",""teamName"":""Random 5"",""playerAId"":""oe:player:046bc46d1fafc28f2908ddaf25434db"",""playerBId"":""oe:player:c8c871675cf00113f4f4e63ebc43fae"",""playerA"":""Turanaga"",""playerB"":""WildRabbit"",""stats"":{""eligible"":true,""n_games_total"":14.0,""n_games"":13.0,""n_days"":13.0,""mean_impact"":-0.2929115,""shrunk_impact"":-0.16555867,""ci_low"":-0.41047747,""ci_high"":0.13727331,""win_rate"":0.38461538}},""value"":-0.16555867},{""row"":4,""col"":0,""kind"":""eligible"",""pair"":{""id"":""pair-b6f4f3741d8b933d"",""teamId"":""oe:team:f60c41e54d2d0eaad6159eeb45336b4"",""teamName"":""Random 5"",""playerAId"":""oe:player:046bc46d1fafc28f2908ddaf25434db"",""playerBId"":""oe:player:5e4e5f10bd862a0c9a3b6b5a86d4ce5"",""playerA"":""Turanaga"",""playerB"":""LUBEEENZZZ"",""stats"":{""eligible"":true,""n_games_total"":35.0,""n_games"":28.0,""n_days"":22.0,""mean_impact"":-0.0891351,""shrunk_impact"":-0.06567849,""ci_low"":-0.26602029,""ci_high"":0.14189361,""win_rate"":0.57142857}},""value"":-0.06567849},{""row"":4,""col"":1,""kind"":""eligible"",""pair"":{""id"":""pair-49374cc668d17bea"",""teamId"":""oe:team:f60c41e54d2d0eaad6159eeb45336b4"",""teamName"":""Random 5"",""playerAId"":""oe:player:046bc46d1fafc28f2908ddaf25434db"",""playerBId"":""oe:player:11389d6d8a29729807c3cf528a98050"",""playerA"":""Turanaga"",""playerB"":""SPOOKY"",""stats"":{""eligible"":true,""n_games_total"":22.0,""n_games"":15.0,""n_days"":9.0,""mean_impact"":-0.06395389,""shrunk_impact"":-0.03837233,""ci_low"":-0.32711817,""ci_high"":0.22334841,""win_rate"":0.73333333}},""value"":-0.03837233},{""row"":4,""col"":2,""kind"":""eligible"",""pair"":{""id"":""pair-b27d7b077de8affd"",""teamId"":""oe:team:f60c41e54d2d0eaad6159eeb45336b4"",""teamName"":""Random 5"",""playerAId"":""oe:player:046bc46d1fafc28f2908ddaf25434db"",""playerBId"":""oe:player:1e1db24bf0fc4f96936d640998c3756"",""playerA"":""Turanaga"",""playerB"":""Lmzs"",""stats"":{""eligible"":true,""n_games_total"":35.0,""n_games"":28.0,""n_days"":22.0,""mean_impact"":-0.00224874,""shrunk_impact"":-0.00165697,""ci_low"":-0.28418164,""ci_high"":0.22614324,""win_rate"":0.57142857}},""value"":-0.00165697},{""row"":4,""col"":3,""kind"":""eligible"",""pair"":{""id"":""pair-536dff2c1d3f003c"",""teamId"":""oe:team:f60c41e54d2d0eaad6159eeb45336b4"",""teamName"":""Random 5"",""playerAId"":""oe:player:046bc46d1fafc28f2908ddaf25434db"",""playerBId"":""oe:player:c8c871675cf00113f4f4e63ebc43fae"",""playerA"":""Turanaga"",""playerB"":""WildRabbit"",""stats"":{""eligible"":true,""n_games_total"":14.0,""n_games"":13.0,""n_days"":13.0,""mean_impact"":-0.2929115,""shrunk_impact"":-0.16555867,""ci_low"":-0.41047747,""ci_high"":0.13727331,""win_rate"":0.38461538}},""value"":-0.16555867},{""row"":4,""col"":4,""kind"":""self"",""pair"":null,""value"":null}],""limit"":0.16555867,""hasEligiblePair"":true}"
lineup-bb1721464714416d,oe:team:e21e3adb4144bf39d2647579b25501f,WiLD MultiGaming,2019,oe:player:86a62d7139615a671299c93dd3d80e3,MarineHBS,oe:player:e5603e8f550c9a56f0acc79d5222b5f,SanyaDau,oe:player:0e4da4a5123c69b8850aa204601c597,meight,oe:player:d8e818b0388d7719a3509993f61e418,Matebuff,oe:player:2d830f296e33c14105bd245a5cdbbf3,hextasy,17,10,8,-0.41049927,-0.20524963,-0.32474147,-0.05020955,True,0.60000000,339.34948387,1.15481958,0.20898282,0.27394334,0.20884397,0.18517682,0.17610542,0.11338412,0.22773294,0.32136529,0.24549727,0.28178001,0.14182039,0.09829376,"{""version"":1,""players"":[{""id"":""oe:player:86a62d7139615a671299c93dd3d80e3"",""name"":""MarineHBS"",""role"":""top""},{""id"":""oe:player:e5603e8f550c9a56f0acc79d5222b5f"",""name"":""SanyaDau"",""role"":""jng""},{""id"":""oe:player:0e4da4a5123c69b8850aa204601c597"",""name"":""meight"",""role"":""mid""},{""id"":""oe:player:d8e818b0388d7719a3509993f61e418"",""name"":""Matebuff"",""role"":""bot""},{""id"":""oe:player:2d830f296e33c14105bd245a5cdbbf3"",""name"":""hextasy"",""role"":""sup""}],""cells"":[{""row"":0,""col"":0,""kind"":""self"",""pair"":null,""value"":null},{""row"":0,""col"":1,""kind"":""eligible"",""pair"":{""id"":""pair-0fcaa2e60e29499a"",""teamId"":""oe:team:e21e3adb4144bf39d2647579b25501f"",""teamName"":""WiLD MultiGaming"",""playerAId"":""oe:player:86a62d7139615a671299c93dd3d80e3"",""playerBId"":""oe:player:e5603e8f550c9a56f0acc79d5222b5f"",""playerA"":""MarineHBS"",""playerB"":""SanyaDau"",""stats"":{""eligible"":true,""n_games_total"":34.0,""n_games"":27.0,""n_days"":21.0,""mean_impact"":-0.52445242,""shrunk_impact"":-0.38270852,""ci_low"":-0.5306899,""ci_high"":-0.26163003,""win_rate"":0.55555556}},""value"":-0.38270852},{""row"":0,""col"":2,""kind"":""eligible"",""pair"":{""id"":""pair-00ca5aa50157a686"",""teamId"":""oe:team:e21e3adb4144bf39d2647579b25501f"",""teamName"":""WiLD MultiGaming"",""playerAId"":""oe:player:0e4da4a5123c69b8850aa204601c597"",""playerBId"":""oe:player:86a62d7139615a671299c93dd3d80e3"",""playerA"":""meight"",""playerB"":""MarineHBS"",""stats"":{""eligible"":true,""n_games_total"":17.0,""n_games"":10.0,""n_days"":8.0,""mean_impact"":-0.14190593,""shrunk_impact"":-0.07095296,""ci_low"":-0.34326517,""ci_high"":0.30250984,""win_rate"":0.6}},""value"":-0.07095296},{""row"":0,""col"":3,""kind"":""eligible"",""pair"":{""id"":""pair-925e7b55d1c4e2e6"",""teamId"":""oe:team:e21e3adb4144bf39d2647579b25501f"",""teamName"":""WiLD MultiGaming"",""playerAId"":""oe:player:86a62d7139615a671299c93dd3d80e3"",""playerBId"":""oe:player:d8e818b0388d7719a3509993f61e418"",""playerA"":""MarineHBS"",""playerB"":""Matebuff"",""stats"":{""eligible"":true,""n_games_total"":34.0,""n_games"":27.0,""n_days"":21.0,""mean_impact"":-0.09500198,""shrunk_impact"":-0.06932577,""ci_low"":-0.24200964,""ci_high"":0.1171235,""win_rate"":0.55555556}},""value"":-0.06932577},{""row"":0,""col"":4,""kind"":""eligible"",""pair"":{""id"":""pair-4d39c1b213122300"",""teamId"":""oe:team:e21e3adb4144bf39d2647579b25501f"",""teamName"":""WiLD MultiGaming"",""playerAId"":""oe:player:2d830f296e33c14105bd245a5cdbbf3"",""playerBId"":""oe:player:86a62d7139615a671299c93dd3d80e3"",""playerA"":""hextasy"",""playerB"":""MarineHBS"",""stats"":{""eligible"":true,""n_games_total"":33.0,""n_games"":26.0,""n_days"":20.0,""mean_impact"":-0.40793835,""shrunk_impact"":-0.29462214,""ci_low"":-0.49712092,""ci_high"":-0.0730225,""win_rate"":0.53846154}},""value"":-0.29462214},{""row"":1,""col"":0,""kind"":""eligible"",""pair"":{""id"":""pair-0fcaa2e60e29499a"",""teamId"":""oe:team:e21e3adb4144bf39d2647579b25501f"",""teamName"":""WiLD MultiGaming"",""playerAId"":""oe:player:86a62d7139615a671299c93dd3d80e3"",""playerBId"":""oe:player:e5603e8f550c9a56f0acc79d5222b5f"",""playerA"":""MarineHBS"",""playerB"":""SanyaDau"",""stats"":{""eligible"":true,""n_games_total"":34.0,""n_games"":27.0,""n_days"":21.0,""mean_impact"":-0.52445242,""shrunk_impact"":-0.38270852,""ci_low"":-0.5306899,""ci_high"":-0.26163003,""win_rate"":0.55555556}},""value"":-0.38270852},{""row"":1,""col"":1,""kind"":""self"",""pair"":null,""value"":null},{""row"":1,""col"":2,""kind"":""eligible"",""pair"":{""id"":""pair-4bf1ee7f8b7790e7"",""teamId"":""oe:team:e21e3adb4144bf39d2647579b25501f"",""teamName"":""WiLD MultiGaming"",""playerAId"":""oe:player:0e4da4a5123c69b8850aa204601c597"",""playerBId"":""oe:player:e5603e8f550c9a56f0acc79d5222b5f"",""playerA"":""meight"",""playerB"":""SanyaDau"",""stats"":{""eligible"":true,""n_games_total"":17.0,""n_games"":10.0,""n_days"":8.0,""mean_impact"":-0.19664247,""shrunk_impact"":-0.09832124,""ci_low"":-0.31202914,""ci_high"":0.23192209,""win_rate"":0.6}},""value"":-0.09832124},{""row"":1,""col"":3,""kind"":""eligible"",""pair"":{""id"":""pair-f1d20f776072ee7d"",""teamId"":""oe:team:e21e3adb4144bf39d2647579b25501f"",""teamName"":""WiLD MultiGaming"",""playerAId"":""oe:player:d8e818b0388d7719a3509993f61e418"",""playerBId"":""oe:player:e5603e8f550c9a56f0acc79d5222b5f"",""playerA"":""Matebuff"",""playerB"":""SanyaDau"",""stats"":{""eligible"":true,""n_games_total"":36.0,""n_games"":29.0,""n_days"":23.0,""mean_impact"":-0.20342477,""shrunk_impact"":-0.15126457,""ci_low"":-0.33080314,""ci_high"":0.0656577,""win_rate"":0.55172414}},""value"":-0.15126457},{""row"":1,""col"":4,""kind"":""eligible"",""pair"":{""id"":""pair-de30965cbec60e1c"",""teamId"":""oe:team:e21e3adb4144bf39d2647579b25501f"",""teamName"":""WiLD MultiGaming"",""playerAId"":""oe:player:2d830f296e33c14105bd245a5cdbbf3"",""playerBId"":""oe:player:e5603e8f550c9a56f0acc79d5222b5f"",""playerA"":""hextasy"",""playerB"":""SanyaDau"",""stats"":{""eligible"":true,""n_games_total"":35.0,""n_games"":28.0,""n_days"":22.0,""mean_impact"":-0.56416435,""shrunk_impact"":-0.41570005,""ci_low"":-0.63005107,""ci_high"":-0.17805302,""win_rate"":0.53571429}},""value"":-0.41570005},{""row"":2,""col"":0,""kind"":""eligible"",""pair"":{""id"":""pair-00ca5aa50157a686"",""teamId"":""oe:team:e21e3adb4144bf39d2647579b25501f"",""teamName"":""WiLD MultiGaming"",""playerAId"":""oe:player:0e4da4a5123c69b8850aa204601c597"",""playerBId"":""oe:player:86a62d7139615a671299c93dd3d80e3"",""playerA"":""meight"",""playerB"":""MarineHBS"",""stats"":{""eligible"":true,""n_games_total"":17.0,""n_games"":10.0,""n_days"":8.0,""mean_impact"":-0.14190593,""shrunk_impact"":-0.07095296,""ci_low"":-0.34326517,""ci_high"":0.30250984,""win_rate"":0.6}},""value"":-0.07095296},{""row"":2,""col"":1,""kind"":""eligible"",""pair"":{""id"":""pair-4bf1ee7f8b7790e7"",""teamId"":""oe:team:e21e3adb4144bf39d2647579b25501f"",""teamName"":""WiLD MultiGaming"",""playerAId"":""oe:player:0e4da4a5123c69b8850aa204601c597"",""playerBId"":""oe:player:e5603e8f550c9a56f0acc79d5222b5f"",""playerA"":""meight"",""playerB"":""SanyaDau"",""stats"":{""eligible"":true,""n_games_total"":17.0,""n_games"":10.0,""n_days"":8.0,""mean_impact"":-0.19664247,""shrunk_impact"":-0.09832124,""ci_low"":-0.31202914,""ci_high"":0.23192209,""win_rate"":0.6}},""value"":-0.09832124},{""row"":2,""col"":2,""kind"":""self"",""pair"":null,""value"":null},{""row"":2,""col"":3,""kind"":""eligible"",""pair"":{""id"":""pair-1a7669a1cf75f39d"",""teamId"":""oe:team:e21e3adb4144bf39d2647579b25501f"",""teamName"":""WiLD MultiGaming"",""playerAId"":""oe:player:0e4da4a5123c69b8850aa204601c597"",""playerBId"":""oe:player:d8e818b0388d7719a3509993f61e418"",""playerA"":""meight"",""playerB"":""Matebuff"",""stats"":{""eligible"":true,""n_games_total"":17.0,""n_games"":10.0,""n_days"":8.0,""mean_impact"":0.08220433,""shrunk_impact"":0.04110216,""ci_low"":-0.14926443,""ci_high"":0.29381999,""win_rate"":0.6}},""value"":0.04110216},{""row"":2,""col"":4,""kind"":""eligible"",""pair"":{""id"":""pair-b15f8e540a21878c"",""teamId"":""oe:team:e21e3adb4144bf39d2647579b25501f"",""teamName"":""WiLD MultiGaming"",""playerAId"":""oe:player:0e4da4a5123c69b8850aa204601c597"",""playerBId"":""oe:player:2d830f296e33c14105bd245a5cdbbf3"",""playerA"":""meight"",""playerB"":""hextasy"",""stats"":{""eligible"":true,""n_games_total"":17.0,""n_games"":10.0,""n_days"":8.0,""mean_impact"":-0.28686955,""shrunk_impact"":-0.14343478,""ci_low"":-0.37718678,""ci_high"":0.12849863,""win_rate"":0.6}},""value"":-0.14343478},{""row"":3,""col"":0,""kind"":""eligible"",""pair"":{""id"":""pair-925e7b55d1c4e2e6"",""teamId"":""oe:team:e21e3adb4144bf39d2647579b25501f"",""teamName"":""WiLD MultiGaming"",""playerAId"":""oe:player:86a62d7139615a671299c93dd3d80e3"",""playerBId"":""oe:player:d8e818b0388d7719a3509993f61e418"",""playerA"":""MarineHBS"",""playerB"":""Matebuff"",""stats"":{""eligible"":true,""n_games_total"":34.0,""n_games"":27.0,""n_days"":21.0,""mean_impact"":-0.09500198,""shrunk_impact"":-0.06932577,""ci_low"":-0.24200964,""ci_high"":0.1171235,""win_rate"":0.55555556}},""value"":-0.06932577},{""row"":3,""col"":1,""kind"":""eligible"",""pair"":{""id"":""pair-f1d20f776072ee7d"",""teamId"":""oe:team:e21e3adb4144bf39d2647579b25501f"",""teamName"":""WiLD MultiGaming"",""playerAId"":""oe:player:d8e818b0388d7719a3509993f61e418"",""playerBId"":""oe:player:e5603e8f550c9a56f0acc79d5222b5f"",""playerA"":""Matebuff"",""playerB"":""SanyaDau"",""stats"":{""eligible"":true,""n_games_total"":36.0,""n_games"":29.0,""n_days"":23.0,""mean_impact"":-0.20342477,""shrunk_impact"":-0.15126457,""ci_low"":-0.33080314,""ci_high"":0.0656577,""win_rate"":0.55172414}},""value"":-0.15126457},{""row"":3,""col"":2,""kind"":""eligible"",""pair"":{""id"":""pair-1a7669a1cf75f39d"",""teamId"":""oe:team:e21e3adb4144bf39d2647579b25501f"",""teamName"":""WiLD MultiGaming"",""playerAId"":""oe:player:0e4da4a5123c69b8850aa204601c597"",""playerBId"":""oe:player:d8e818b0388d7719a3509993f61e418"",""playerA"":""meight"",""playerB"":""Matebuff"",""stats"":{""eligible"":true,""n_games_total"":17.0,""n_games"":10.0,""n_days"":8.0,""mean_impact"":0.08220433,""shrunk_impact"":0.04110216,""ci_low"":-0.14926443,""ci_high"":0.29381999,""win_rate"":0.6}},""value"":0.04110216},{""row"":3,""col"":3,""kind"":""self"",""pair"":null,""value"":null},{""row"":3,""col"":4,""kind"":""eligible"",""pair"":{""id"":""pair-77c0c8f1b6a31703"",""teamId"":""oe:team:e21e3adb4144bf39d2647579b25501f"",""teamName"":""WiLD MultiGaming"",""playerAId"":""oe:player:2d830f296e33c14105bd245a5cdbbf3"",""playerBId"":""oe:player:d8e818b0388d7719a3509993f61e418"",""playerA"":""hextasy"",""playerB"":""Matebuff"",""stats"":{""eligible"":true,""n_games_total"":35.0,""n_games"":28.0,""n_days"":22.0,""mean_impact"":-0.16730858,""shrunk_impact"":-0.12328001,""ci_low"":-0.42314514,""ci_high"":0.21248312,""win_rate"":0.53571429}},""value"":-0.12328001},{""row"":4,""col"":0,""kind"":""eligible"",""pair"":{""id"":""pair-4d39c1b213122300"",""teamId"":""oe:team:e21e3adb4144bf39d2647579b25501f"",""teamName"":""WiLD MultiGaming"",""playerAId"":""oe:player:2d830f296e33c14105bd245a5cdbbf3"",""playerBId"":""oe:player:86a62d7139615a671299c93dd3d80e3"",""playerA"":""hextasy"",""playerB"":""MarineHBS"",""stats"":{""eligible"":true,""n_games_total"":33.0,""n_games"":26.0,""n_days"":20.0,""mean_impact"":-0.40793835,""shrunk_impact"":-0.29462214,""ci_low"":-0.49712092,""ci_high"":-0.0730225,""win_rate"":0.53846154}},""value"":-0.29462214},{""row"":4,""col"":1,""kind"":""eligible"",""pair"":{""id"":""pair-de30965cbec60e1c"",""teamId"":""oe:team:e21e3adb4144bf39d2647579b25501f"",""teamName"":""WiLD MultiGaming"",""playerAId"":""oe:player:2d830f296e33c14105bd245a5cdbbf3"",""playerBId"":""oe:player:e5603e8f550c9a56f0acc79d5222b5f"",""playerA"":""hextasy"",""playerB"":""SanyaDau"",""stats"":{""eligible"":true,""n_games_total"":35.0,""n_games"":28.0,""n_days"":22.0,""mean_impact"":-0.56416435,""shrunk_impact"":-0.41570005,""ci_low"":-0.63005107,""ci_high"":-0.17805302,""win_rate"":0.53571429}},""value"":-0.41570005},{""row"":4,""col"":2,""kind"":""eligible"",""pair"":{""id"":""pair-b15f8e540a21878c"",""teamId"":""oe:team:e21e3adb4144bf39d2647579b25501f"",""teamName"":""WiLD MultiGaming"",""playerAId"":""oe:player:0e4da4a5123c69b8850aa204601c597"",""playerBId"":""oe:player:2d830f296e33c14105bd245a5cdbbf3"",""playerA"":""meight"",""playerB"":""hextasy"",""stats"":{""eligible"":true,""n_games_total"":17.0,""n_games"":10.0,""n_days"":8.0,""mean_impact"":-0.28686955,""shrunk_impact"":-0.14343478,""ci_low"":-0.37718678,""ci_high"":0.12849863,""win_rate"":0.6}},""value"":-0.14343478},{""row"":4,""col"":3,""kind"":""eligible"",""pair"":{""id"":""pair-77c0c8f1b6a31703"",""teamId"":""oe:team:e21e3adb4144bf39d2647579b25501f"",""teamName"":""WiLD MultiGaming"",""playerAId"":""oe:player:2d830f296e33c14105bd245a5cdbbf3"",""playerBId"":""oe:player:d8e818b0388d7719a3509993f61e418"",""playerA"":""hextasy"",""playerB"":""Matebuff"",""stats"":{""eligible"":true,""n_games_total"":35.0,""n_games"":28.0,""n_days"":22.0,""mean_impact"":-0.16730858,""shrunk_impact"":-0.12328001,""ci_low"":-0.42314514,""ci_high"":0.21248312,""win_rate"":0.53571429}},""value"":-0.12328001},{""row"":4,""col"":4,""kind"":""self"",""pair"":null,""value"":null}],""limit"":0.41570005,""hasEligiblePair"":true}"
lineup-c3d13be520fcd4e4,oe:team:e21e3adb4144bf39d2647579b25501f,WiLD MultiGaming,2019,oe:player:12a9f5a38afc16d902de9b63fc7c669,Ani,oe:player:e5603e8f550c9a56f0acc79d5222b5f,SanyaDau,oe:player:c0c765321363c0d74c690dc29a5f3dc,Sora,oe:player:d8e818b0388d7719a3509993f61e418,Matebuff,oe:player:2d830f296e33c14105bd245a5cdbbf3,hextasy,1,1,1,-0.15971769,-0.01451979,,,False,1.00000000,352.20786790,1.35211268,0.20988175,0.21768038,0.26109707,0.26333295,0.19761688,0.17412672,0.19404369,0.19289130,0.22218069,0.26384591,0.12506167,0.10580312,"{""version"":1,""players"":[{""id"":""oe:player:12a9f5a38afc16d902de9b63fc7c669"",""name"":""Ani"",""role"":""top""},{""id"":""oe:player:e5603e8f550c9a56f0acc79d5222b5f"",""name"":""SanyaDau"",""role"":""jng""},{""id"":""oe:player:c0c765321363c0d74c690dc29a5f3dc"",""name"":""Sora"",""role"":""mid""},{""id"":""oe:player:d8e818b0388d7719a3509993f61e418"",""name"":""Matebuff"",""role"":""bot""},{""id"":""oe:player:2d830f296e33c14105bd245a5cdbbf3"",""name"":""hextasy"",""role"":""sup""}],""cells"":[{""row"":0,""col"":0,""kind"":""self"",""pair"":null,""value"":null},{""row"":0,""col"":1,""kind"":""sparse"",""pair"":{""id"":""pair-14052448a28ea390"",""teamId"":""oe:team:e21e3adb4144bf39d2647579b25501f"",""teamName"":""WiLD MultiGaming"",""playerAId"":""oe:player:12a9f5a38afc16d902de9b63fc7c669"",""playerBId"":""oe:player:e5603e8f550c9a56f0acc79d5222b5f"",""playerA"":""Ani"",""playerB"":""SanyaDau"",""stats"":{""eligible"":false,""n_games_total"":2.0,""n_games"":2.0,""n_days"":2.0,""mean_impact"":-0.25029138,""shrunk_impact"":-0.04171523,""ci_low"":null,""ci_high"":null,""win_rate"":0.5}},""value"":-0.04171523},{""row"":0,""col"":2,""kind"":""sparse"",""pair"":{""id"":""pair-0f84c3969c8b852b"",""teamId"":""oe:team:e21e3adb4144bf39d2647579b25501f"",""teamName"":""WiLD MultiGaming"",""playerAId"":""oe:player:12a9f5a38afc16d902de9b63fc7c669"",""playerBId"":""oe:player:c0c765321363c0d74c690dc29a5f3dc"",""playerA"":""Ani"",""playerB"":""Sora"",""stats"":{""eligible"":false,""n_games_total"":1.0,""n_games"":1.0,""n_days"":1.0,""mean_impact"":-0.20840936,""shrunk_impact"":-0.01894631,""ci_low"":null,""ci_high"":null,""win_rate"":1.0}},""value"":-0.01894631},{""row"":0,""col"":3,""kind"":""sparse"",""pair"":{""id"":""pair-d0451c8669291b59"",""teamId"":""oe:team:e21e3adb4144bf39d2647579b25501f"",""teamName"":""WiLD MultiGaming"",""playerAId"":""oe:player:12a9f5a38afc16d902de9b63fc7c669"",""playerBId"":""oe:player:d8e818b0388d7719a3509993f61e418"",""playerA"":""Ani"",""playerB"":""Matebuff"",""stats"":{""eligible"":false,""n_games_total"":2.0,""n_games"":2.0,""n_days"":2.0,""mean_impact"":-0.26692295,""shrunk_impact"":-0.04448716,""ci_low"":null,""ci_high"":null,""win_rate"":0.5}},""value"":-0.04448716},{""row"":0,""col"":4,""kind"":""sparse"",""pair"":{""id"":""pair-8ffd69a867754c1c"",""teamId"":""oe:team:e21e3adb4144bf39d2647579b25501f"",""teamName"":""WiLD MultiGaming"",""playerAId"":""oe:player:12a9f5a38afc16d902de9b63fc7c669"",""playerBId"":""oe:player:2d830f296e33c14105bd245a5cdbbf3"",""playerA"":""Ani"",""playerB"":""hextasy"",""stats"":{""eligible"":false,""n_games_total"":2.0,""n_games"":2.0,""n_days"":2.0,""mean_impact"":-0.79447939,""shrunk_impact"":-0.13241323,""ci_low"":null,""ci_high"":null,""win_rate"":0.5}},""value"":-0.13241323},{""row"":1,""col"":0,""kind"":""sparse"",""pair"":{""id"":""pair-14052448a28ea390"",""teamId"":""oe:team:e21e3adb4144bf39d2647579b25501f"",""teamName"":""WiLD MultiGaming"",""playerAId"":""oe:player:12a9f5a38afc16d902de9b63fc7c669"",""playerBId"":""oe:player:e5603e8f550c9a56f0acc79d5222b5f"",""playerA"":""Ani"",""playerB"":""SanyaDau"",""stats"":{""eligible"":false,""n_games_total"":2.0,""n_games"":2.0,""n_days"":2.0,""mean_impact"":-0.25029138,""shrunk_impact"":-0.04171523,""ci_low"":null,""ci_high"":null,""win_rate"":0.5}},""value"":-0.04171523},{""row"":1,""col"":1,""kind"":""self"",""pair"":null,""value"":null},{""row"":1,""col"":2,""kind"":""eligible"",""pair"":{""id"":""pair-db250856f63b856c"",""teamId"":""oe:team:e21e3adb4144bf39d2647579b25501f"",""teamName"":""WiLD MultiGaming"",""playerAId"":""oe:player:c0c765321363c0d74c690dc29a5f3dc"",""playerBId"":""oe:player:e5603e8f550c9a56f0acc79d5222b5f"",""playerA"":""Sora"",""playerB"":""SanyaDau"",""stats"":{""eligible"":true,""n_games_total"":13.0,""n_games"":13.0,""n_days"":13.0,""mean_impact"":-0.27023397,""shrunk_impact"":-0.15274094,""ci_low"":-0.33701047,""ci_high"":0.01865921,""win_rate"":0.61538462}},""value"":-0.15274094},{""row"":1,""col"":3,""kind"":""eligible"",""pair"":{""id"":""pair-f1d20f776072ee7d"",""teamId"":""oe:team:e21e3adb4144bf39d2647579b25501f"",""teamName"":""WiLD MultiGaming"",""playerAId"":""oe:player:d8e818b0388d7719a3509993f61e418"",""playerBId"":""oe:player:e5603e8f550c9a56f0acc79d5222b5f"",""playerA"":""Matebuff"",""playerB"":""SanyaDau"",""stats"":{""eligible"":true,""n_games_total"":36.0,""n_games"":29.0,""n_days"":23.0,""mean_impact"":-0.20342477,""shrunk_impact"":-0.15126457,""ci_low"":-0.33080314,""ci_high"":0.0656577,""win_rate"":0.55172414}},""value"":-0.15126457},{""row"":1,""col"":4,""kind"":""eligible"",""pair"":{""id"":""pair-de30965cbec60e1c"",""teamId"":""oe:team:e21e3adb4144bf39d2647579b25501f"",""teamName"":""WiLD MultiGaming"",""playerAId"":""oe:player:2d830f296e33c14105bd245a5cdbbf3"",""playerBId"":""oe:player:e5603e8f550c9a56f0acc79d5222b5f"",""playerA"":""hextasy"",""playerB"":""SanyaDau"",""stats"":{""eligible"":true,""n_games_total"":35.0,""n_games"":28.0,""n_days"":22.0,""mean_impact"":-0.56416435,""shrunk_impact"":-0.41570005,""ci_low"":-0.63005107,""ci_high"":-0.17805302,""win_rate"":0.53571429}},""value"":-0.41570005},{""row"":2,""col"":0,""kind"":""sparse"",""pair"":{""id"":""pair-0f84c3969c8b852b"",""teamId"":""oe:team:e21e3adb4144bf39d2647579b25501f"",""teamName"":""WiLD MultiGaming"",""playerAId"":""oe:player:12a9f5a38afc16d902de9b63fc7c669"",""playerBId"":""oe:player:c0c765321363c0d74c690dc29a5f3dc"",""playerA"":""Ani"",""playerB"":""Sora"",""stats"":{""eligible"":false,""n_games_total"":1.0,""n_games"":1.0,""n_days"":1.0,""mean_impact"":-0.20840936,""shrunk_impact"":-0.01894631,""ci_low"":null,""ci_high"":null,""win_rate"":1.0}},""value"":-0.01894631},{""row"":2,""col"":1,""kind"":""eligible"",""pair"":{""id"":""pair-db250856f63b856c"",""teamId"":""oe:team:e21e3adb4144bf39d2647579b25501f"",""teamName"":""WiLD MultiGaming"",""playerAId"":""oe:player:c0c765321363c0d74c690dc29a5f3dc"",""playerBId"":""oe:player:e5603e8f550c9a56f0acc79d5222b5f"",""playerA"":""Sora"",""playerB"":""SanyaDau"",""stats"":{""eligible"":true,""n_games_total"":13.0,""n_games"":13.0,""n_days"":13.0,""mean_impact"":-0.27023397,""shrunk_impact"":-0.15274094,""ci_low"":-0.33701047,""ci_high"":0.01865921,""win_rate"":0.61538462}},""value"":-0.15274094},{""row"":2,""col"":2,""kind"":""self"",""pair"":null,""value"":null},{""row"":2,""col"":3,""kind"":""eligible"",""pair"":{""id"":""pair-12276531f2ee0f1d"",""teamId"":""oe:team:e21e3adb4144bf39d2647579b25501f"",""teamName"":""WiLD MultiGaming"",""playerAId"":""oe:player:c0c765321363c0d74c690dc29a5f3dc"",""playerBId"":""oe:player:d8e818b0388d7719a3509993f61e418"",""playerA"":""Sora"",""playerB"":""Matebuff"",""stats"":{""eligible"":true,""n_games_total"":13.0,""n_games"":13.0,""n_days"":13.0,""mean_impact"":0.33775673,""shrunk_impact"":0.19090598,""ci_low"":-0.11625429,""ci_high"":0.47013358,""win_rate"":0.61538462}},""value"":0.19090598},{""row"":2,""col"":4,""kind"":""eligible"",""pair"":{""id"":""pair-bc8958de6f0a5d5c"",""teamId"":""oe:team:e21e3adb4144bf39d2647579b25501f"",""teamName"":""WiLD MultiGaming"",""playerAId"":""oe:player:2d830f296e33c14105bd245a5cdbbf3"",""playerBId"":""oe:player:c0c765321363c0d74c690dc29a5f3dc"",""playerA"":""hextasy"",""playerB"":""Sora"",""stats"":{""eligible"":true,""n_games_total"":12.0,""n_games"":12.0,""n_days"":12.0,""mean_impact"":-0.00815934,""shrunk_impact"":-0.00445055,""ci_low"":-0.2764939,""ci_high"":0.32372941,""win_rate"":0.58333333}},""value"":-0.00445055},{""row"":3,""col"":0,""kind"":""sparse"",""pair"":{""id"":""pair-d0451c8669291b59"",""teamId"":""oe:team:e21e3adb4144bf39d2647579b25501f"",""teamName"":""WiLD MultiGaming"",""playerAId"":""oe:player:12a9f5a38afc16d902de9b63fc7c669"",""playerBId"":""oe:player:d8e818b0388d7719a3509993f61e418"",""playerA"":""Ani"",""playerB"":""Matebuff"",""stats"":{""eligible"":false,""n_games_total"":2.0,""n_games"":2.0,""n_days"":2.0,""mean_impact"":-0.26692295,""shrunk_impact"":-0.04448716,""ci_low"":null,""ci_high"":null,""win_rate"":0.5}},""value"":-0.04448716},{""row"":3,""col"":1,""kind"":""eligible"",""pair"":{""id"":""pair-f1d20f776072ee7d"",""teamId"":""oe:team:e21e3adb4144bf39d2647579b25501f"",""teamName"":""WiLD MultiGaming"",""playerAId"":""oe:player:d8e818b0388d7719a3509993f61e418"",""playerBId"":""oe:player:e5603e8f550c9a56f0acc79d5222b5f"",""playerA"":""Matebuff"",""playerB"":""SanyaDau"",""stats"":{""eligible"":true,""n_games_total"":36.0,""n_games"":29.0,""n_days"":23.0,""mean_impact"":-0.20342477,""shrunk_impact"":-0.15126457,""ci_low"":-0.33080314,""ci_high"":0.0656577,""win_rate"":0.55172414}},""value"":-0.15126457},{""row"":3,""col"":2,""kind"":""eligible"",""pair"":{""id"":""pair-12276531f2ee0f1d"",""teamId"":""oe:team:e21e3adb4144bf39d2647579b25501f"",""teamName"":""WiLD MultiGaming"",""playerAId"":""oe:player:c0c765321363c0d74c690dc29a5f3dc"",""playerBId"":""oe:player:d8e818b0388d7719a3509993f61e418"",""playerA"":""Sora"",""playerB"":""Matebuff"",""stats"":{""eligible"":true,""n_games_total"":13.0,""n_games"":13.0,""n_days"":13.0,""mean_impact"":0.33775673,""shrunk_impact"":0.19090598,""ci_low"":-0.11625429,""ci_high"":0.47013358,""win_rate"":0.61538462}},""value"":0.19090598},{""row"":3,""col"":3,""kind"":""self"",""pair"":null,""value"":null},{""row"":3,""col"":4,""kind"":""eligible"",""pair"":{""id"":""pair-77c0c8f1b6a31703"",""teamId"":""oe:team:e21e3adb4144bf39d2647579b25501f"",""teamName"":""WiLD MultiGaming"",""playerAId"":""oe:player:2d830f296e33c14105bd245a5cdbbf3"",""playerBId"":""oe:player:d8e818b0388d7719a3509993f61e418"",""playerA"":""hextasy"",""playerB"":""Matebuff"",""stats"":{""eligible"":true,""n_games_total"":35.0,""n_games"":28.0,""n_days"":22.0,""mean_impact"":-0.16730858,""shrunk_impact"":-0.12328001,""ci_low"":-0.42314514,""ci_high"":0.21248312,""win_rate"":0.53571429}},""value"":-0.12328001},{""row"":4,""col"":0,""kind"":""sparse"",""pair"":{""id"":""pair-8ffd69a867754c1c"",""teamId"":""oe:team:e21e3adb4144bf39d2647579b25501f"",""teamName"":""WiLD MultiGaming"",""playerAId"":""oe:player:12a9f5a38afc16d902de9b63fc7c669"",""playerBId"":""oe:player:2d830f296e33c14105bd245a5cdbbf3"",""playerA"":""Ani"",""playerB"":""hextasy"",""stats"":{""eligible"":false,""n_games_total"":2.0,""n_games"":2.0,""n_days"":2.0,""mean_impact"":-0.79447939,""shrunk_impact"":-0.13241323,""ci_low"":null,""ci_high"":null,""win_rate"":0.5}},""value"":-0.13241323},{""row"":4,""col"":1,""kind"":""eligible"",""pair"":{""id"":""pair-de30965cbec60e1c"",""teamId"":""oe:team:e21e3adb4144bf39d2647579b25501f"",""teamName"":""WiLD MultiGaming"",""playerAId"":""oe:player:2d830f296e33c14105bd245a5cdbbf3"",""playerBId"":""oe:player:e5603e8f550c9a56f0acc79d5222b5f"",""playerA"":""hextasy"",""playerB"":""SanyaDau"",""stats"":{""eligible"":true,""n_games_total"":35.0,""n_games"":28.0,""n_days"":22.0,""mean_impact"":-0.56416435,""shrunk_impact"":-0.41570005,""ci_low"":-0.63005107,""ci_high"":-0.17805302,""win_rate"":0.53571429}},""value"":-0.41570005},{""row"":4,""col"":2,""kind"":""eligible"",""pair"":{""id"":""pair-bc8958de6f0a5d5c"",""teamId"":""oe:team:e21e3adb4144bf39d2647579b25501f"",""teamName"":""WiLD MultiGaming"",""playerAId"":""oe:player:2d830f296e33c14105bd245a5cdbbf3"",""playerBId"":""oe:player:c0c765321363c0d74c690dc29a5f3dc"",""playerA"":""hextasy"",""playerB"":""Sora"",""stats"":{""eligible"":true,""n_games_total"":12.0,""n_games"":12.0,""n_days"":12.0,""mean_impact"":-0.00815934,""shrunk_impact"":-0.00445055,""ci_low"":-0.2764939,""ci_high"":0.32372941,""win_rate"":0.58333333}},""value"":-0.00445055},{""row"":4,""col"":3,""kind"":""eligible"",""pair"":{""id"":""pair-77c0c8f1b6a31703"",""teamId"":""oe:team:e21e3adb4144bf39d2647579b25501f"",""teamName"":""WiLD MultiGaming"",""playerAId"":""oe:player:2d830f296e33c14105bd245a5cdbbf3"",""playerBId"":""oe:player:d8e818b0388d7719a3509993f61e418"",""playerA"":""hextasy"",""playerB"":""Matebuff"",""stats"":{""eligible"":true,""n_games_total"":35.0,""n_games"":28.0,""n_days"":22.0,""mean_impact"":-0.16730858,""shrunk_impact"":-0.12328001,""ci_low"":-0.42314514,""ci_high"":0.21248312,""win_rate"":0.53571429}},""value"":-0.12328001},{""row"":4,""col"":4,""kind"":""self"",""pair"":null,""value"":null}],""limit"":0.41570005,""hasEligiblePair"":true}"
lineup-c8493c0f21095348,oe:team:3921fffdab4f130255658ea322e1ab6,x25 Esports,2019,oe:player:dbe75751981b890185b008df9b6542e,Patkica,oe:player:84ffdf6566c6585114da1ccd9b6a3e3,Jocke,oe:player:f7bd515227bda9d65b8f4cc7475ad06,Duke Anton,oe:player:5c58c2e986e8aec0ee6f2465823349a,GOLDENTO4ST,oe:player:85b3b3e91202ccada9f1f5a24dc1bfb,Cl0x,1,1,1,0.07085453,0.00644132,,,False,0.00000000,359.66885677,0.94612352,0.20083625,0.25392672,0.21411889,0.38383971,0.20310849,0.11751940,0.19507312,0.09064404,0.21008730,0.17815336,0.17761219,0.22984348,"{""version"":1,""players"":[{""id"":""oe:player:dbe75751981b890185b008df9b6542e"",""name"":""Patkica"",""role"":""mid""},{""id"":""oe:player:84ffdf6566c6585114da1ccd9b6a3e3"",""name"":""Jocke"",""role"":""jng""},{""id"":""oe:player:f7bd515227bda9d65b8f4cc7475ad06"",""name"":""Duke Anton"",""role"":""mid""},{""id"":""oe:player:5c58c2e986e8aec0ee6f2465823349a"",""name"":""GOLDENTO4ST"",""role"":""bot""},{""id"":""oe:player:85b3b3e91202ccada9f1f5a24dc1bfb"",""name"":""Cl0x"",""role"":""sup""}],""cells"":[{""row"":0,""col"":0,""kind"":""self"",""pair"":null,""value"":null},{""row"":0,""col"":1,""kind"":""sparse"",""pair"":{""id"":""pair-b1660155786efa95"",""teamId"":""oe:team:3921fffdab4f130255658ea322e1ab6"",""teamName"":""x25 Esports"",""playerAId"":""oe:player:84ffdf6566c6585114da1ccd9b6a3e3"",""playerBId"":""oe:player:dbe75751981b890185b008df9b6542e"",""playerA"":""Jocke"",""playerB"":""Patkica"",""stats"":{""eligible"":false,""n_games_total"":7.0,""n_games"":7.0,""n_days"":7.0,""mean_impact"":-0.28511801,""shrunk_impact"":-0.11740153,""ci_low"":-0.2575992,""ci_high"":0.04024193,""win_rate"":0.0}},""value"":-0.11740153},{""row"":0,""col"":2,""kind"":""sparse"",""pair"":{""id"":""pair-88514b401b42792f"",""teamId"":""oe:team:3921fffdab4f130255658ea322e1ab6"",""teamName"":""x25 Esports"",""playerAId"":""oe:player:dbe75751981b890185b008df9b6542e"",""playerBId"":""oe:player:f7bd515227bda9d65b8f4cc7475ad06"",""playerA"":""Patkica"",""playerB"":""Duke Anton"",""stats"":{""eligible"":false,""n_games_total"":1.0,""n_games"":1.0,""n_days"":1.0,""mean_impact"":0.09731838,""shrunk_impact"":0.00884713,""ci_low"":null,""ci_high"":null,""win_rate"":0.0}},""value"":0.00884713},{""row"":0,""col"":3,""kind"":""eligible"",""pair"":{""id"":""pair-bf1e66b46ed5bfe2"",""teamId"":""oe:team:3921fffdab4f130255658ea322e1ab6"",""teamName"":""x25 Esports"",""playerAId"":""oe:player:5c58c2e986e8aec0ee6f2465823349a"",""playerBId"":""oe:player:dbe75751981b890185b008df9b6542e"",""playerA"":""GOLDENTO4ST"",""playerB"":""Patkica"",""stats"":{""eligible"":true,""n_games_total"":10.0,""n_games"":10.0,""n_days"":10.0,""mean_impact"":-0.01919956,""shrunk_impact"":-0.00959978,""ci_low"":-0.21749284,""ci_high"":0.18818265,""win_rate"":0.1}},""value"":-0.00959978},{""row"":0,""col"":4,""kind"":""eligible"",""pair"":{""id"":""pair-712720ca3ad47215"",""teamId"":""oe:team:3921fffdab4f130255658ea322e1ab6"",""teamName"":""x25 Esports"",""playerAId"":""oe:player:85b3b3e91202ccada9f1f5a24dc1bfb"",""playerBId"":""oe:player:dbe75751981b890185b008df9b6542e"",""playerA"":""Cl0x"",""playerB"":""Patkica"",""stats"":{""eligible"":true,""n_games_total"":10.0,""n_games"":10.0,""n_days"":10.0,""mean_impact"":0.49709328,""shrunk_impact"":0.24854664,""ci_low"":-0.14734641,""ci_high"":0.7757219,""win_rate"":0.1}},""value"":0.24854664},{""row"":1,""col"":0,""kind"":""sparse"",""pair"":{""id"":""pair-b1660155786efa95"",""teamId"":""oe:team:3921fffdab4f130255658ea322e1ab6"",""teamName"":""x25 Esports"",""playerAId"":""oe:player:84ffdf6566c6585114da1ccd9b6a3e3"",""playerBId"":""oe:player:dbe75751981b890185b008df9b6542e"",""playerA"":""Jocke"",""playerB"":""Patkica"",""stats"":{""eligible"":false,""n_games_total"":7.0,""n_games"":7.0,""n_days"":7.0,""mean_impact"":-0.28511801,""shrunk_impact"":-0.11740153,""ci_low"":-0.2575992,""ci_high"":0.04024193,""win_rate"":0.0}},""value"":-0.11740153},{""row"":1,""col"":1,""kind"":""self"",""pair"":null,""value"":null},{""row"":1,""col"":2,""kind"":""sparse"",""pair"":{""id"":""pair-12d7d75d1d2374db"",""teamId"":""oe:team:3921fffdab4f130255658ea322e1ab6"",""teamName"":""x25 Esports"",""playerAId"":""oe:player:84ffdf6566c6585114da1ccd9b6a3e3"",""playerBId"":""oe:player:f7bd515227bda9d65b8f4cc7475ad06"",""playerA"":""Jocke"",""playerB"":""Duke Anton"",""stats"":{""eligible"":false,""n_games_total"":4.0,""n_games"":4.0,""n_days"":4.0,""mean_impact"":-0.36538368,""shrunk_impact"":-0.10439534,""ci_low"":-0.2682691,""ci_high"":0.11389581,""win_rate"":0.25}},""value"":-0.10439534},{""row"":1,""col"":3,""kind"":""eligible"",""pair"":{""id"":""pair-a0d5790d8e57d775"",""teamId"":""oe:team:3921fffdab4f130255658ea322e1ab6"",""teamName"":""x25 Esports"",""playerAId"":""oe:player:5c58c2e986e8aec0ee6f2465823349a"",""playerBId"":""oe:player:84ffdf6566c6585114da1ccd9b6a3e3"",""playerA"":""GOLDENTO4ST"",""playerB"":""Jocke"",""stats"":{""eligible"":true,""n_games_total"":10.0,""n_games"":10.0,""n_days"":10.0,""mean_impact"":-0.10017079,""shrunk_impact"":-0.05008539,""ci_low"":-0.19871065,""ci_high"":0.09448824,""win_rate"":0.1}},""value"":-0.05008539},{""row"":1,""col"":4,""kind"":""eligible"",""pair"":{""id"":""pair-7f21e05d6c326f54"",""teamId"":""oe:team:3921fffdab4f130255658ea322e1ab6"",""teamName"":""x25 Esports"",""playerAId"":""oe:player:84ffdf6566c6585114da1ccd9b6a3e3"",""playerBId"":""oe:player:85b3b3e91202ccada9f1f5a24dc1bfb"",""playerA"":""Jocke"",""playerB"":""Cl0x"",""stats"":{""eligible"":true,""n_games_total"":10.0,""n_games"":10.0,""n_days"":10.0,""mean_impact"":0.41249312,""shrunk_impact"":0.20624656,""ci_low"":-0.08432715,""ci_high"":0.57838356,""win_rate"":0.1}},""value"":0.20624656},{""row"":2,""col"":0,""kind"":""sparse"",""pair"":{""id"":""pair-88514b401b42792f"",""teamId"":""oe:team:3921fffdab4f130255658ea322e1ab6"",""teamName"":""x25 Esports"",""playerAId"":""oe:player:dbe75751981b890185b008df9b6542e"",""playerBId"":""oe:player:f7bd515227bda9d65b8f4cc7475ad06"",""playerA"":""Patkica"",""playerB"":""Duke Anton"",""stats"":{""eligible"":false,""n_games_total"":1.0,""n_games"":1.0,""n_days"":1.0,""mean_impact"":0.09731838,""shrunk_impact"":0.00884713,""ci_low"":null,""ci_high"":null,""win_rate"":0.0}},""value"":0.00884713},{""row"":2,""col"":1,""kind"":""sparse"",""pair"":{""id"":""pair-12d7d75d1d2374db"",""teamId"":""oe:team:3921fffdab4f130255658ea322e1ab6"",""teamName"":""x25 Esports"",""playerAId"":""oe:player:84ffdf6566c6585114da1ccd9b6a3e3"",""playerBId"":""oe:player:f7bd515227bda9d65b8f4cc7475ad06"",""playerA"":""Jocke"",""playerB"":""Duke Anton"",""stats"":{""eligible"":false,""n_games_total"":4.0,""n_games"":4.0,""n_days"":4.0,""mean_impact"":-0.36538368,""shrunk_impact"":-0.10439534,""ci_low"":-0.2682691,""ci_high"":0.11389581,""win_rate"":0.25}},""value"":-0.10439534},{""row"":2,""col"":2,""kind"":""self"",""pair"":null,""value"":null},{""row"":2,""col"":3,""kind"":""sparse"",""pair"":{""id"":""pair-319ed34e48133344"",""teamId"":""oe:team:3921fffdab4f130255658ea322e1ab6"",""teamName"":""x25 Esports"",""playerAId"":""oe:player:5c58c2e986e8aec0ee6f2465823349a"",""playerBId"":""oe:player:f7bd515227bda9d65b8f4cc7475ad06"",""playerA"":""GOLDENTO4ST"",""playerB"":""Duke Anton"",""stats"":{""eligible"":false,""n_games_total"":4.0,""n_games"":4.0,""n_days"":4.0,""mean_impact"":-0.01326625,""shrunk_impact"":-0.00379036,""ci_low"":-0.22255567,""ci_high"":0.21497495,""win_rate"":0.25}},""value"":-0.00379036},{""row"":2,""col"":4,""kind"":""sparse"",""pair"":{""id"":""pair-124567402b031e4b"",""teamId"":""oe:team:3921fffdab4f130255658ea322e1ab6"",""teamName"":""x25 Esports"",""playerAId"":""oe:player:85b3b3e91202ccada9f1f5a24dc1bfb"",""playerBId"":""oe:player:f7bd515227bda9d65b8f4cc7475ad06"",""playerA"":""Cl0x"",""playerB"":""Duke Anton"",""stats"":{""eligible"":false,""n_games_total"":4.0,""n_games"":4.0,""n_days"":4.0,""mean_impact"":0.19795278,""shrunk_impact"":0.05655794,""ci_low"":-0.15458129,""ci_high"":0.24954219,""win_rate"":0.25}},""value"":0.05655794},{""row"":3,""col"":0,""kind"":""eligible"",""pair"":{""id"":""pair-bf1e66b46ed5bfe2"",""teamId"":""oe:team:3921fffdab4f130255658ea322e1ab6"",""teamName"":""x25 Esports"",""playerAId"":""oe:player:5c58c2e986e8aec0ee6f2465823349a"",""playerBId"":""oe:player:dbe75751981b890185b008df9b6542e"",""playerA"":""GOLDENTO4ST"",""playerB"":""Patkica"",""stats"":{""eligible"":true,""n_games_total"":10.0,""n_games"":10.0,""n_days"":10.0,""mean_impact"":-0.01919956,""shrunk_impact"":-0.00959978,""ci_low"":-0.21749284,""ci_high"":0.18818265,""win_rate"":0.1}},""value"":-0.00959978},{""row"":3,""col"":1,""kind"":""eligible"",""pair"":{""id"":""pair-a0d5790d8e57d775"",""teamId"":""oe:team:3921fffdab4f130255658ea322e1ab6"",""teamName"":""x25 Esports"",""playerAId"":""oe:player:5c58c2e986e8aec0ee6f2465823349a"",""playerBId"":""oe:player:84ffdf6566c6585114da1ccd9b6a3e3"",""playerA"":""GOLDENTO4ST"",""playerB"":""Jocke"",""stats"":{""eligible"":true,""n_games_total"":10.0,""n_games"":10.0,""n_days"":10.0,""mean_impact"":-0.10017079,""shrunk_impact"":-0.05008539,""ci_low"":-0.19871065,""ci_high"":0.09448824,""win_rate"":0.1}},""value"":-0.05008539},{""row"":3,""col"":2,""kind"":""sparse"",""pair"":{""id"":""pair-319ed34e48133344"",""teamId"":""oe:team:3921fffdab4f130255658ea322e1ab6"",""teamName"":""x25 Esports"",""playerAId"":""oe:player:5c58c2e986e8aec0ee6f2465823349a"",""playerBId"":""oe:player:f7bd515227bda9d65b8f4cc7475ad06"",""playerA"":""GOLDENTO4ST"",""playerB"":""Duke Anton"",""stats"":{""eligible"":false,""n_games_total"":4.0,""n_games"":4.0,""n_days"":4.0,""mean_impact"":-0.01326625,""shrunk_impact"":-0.00379036,""ci_low"":-0.22255567,""ci_high"":0.21497495,""win_rate"":0.25}},""value"":-0.00379036},{""row"":3,""col"":3,""kind"":""self"",""pair"":null,""value"":null},{""row"":3,""col"":4,""kind"":""eligible"",""pair"":{""id"":""pair-47846810adecf7b4"",""teamId"":""oe:team:3921fffdab4f130255658ea322e1ab6"",""teamName"":""x25 Esports"",""playerAId"":""oe:player:5c58c2e986e8aec0ee6f2465823349a"",""playerBId"":""oe:player:85b3b3e91202ccada9f1f5a24dc1bfb"",""playerA"":""GOLDENTO4ST"",""playerB"":""Cl0x"",""stats"":{""eligible"":true,""n_games_total"":13.0,""n_games"":13.0,""n_days"":13.0,""mean_impact"":0.57830262,""shrunk_impact"":0.3268667,""ci_low"":-0.02340587,""ci_high"":0.73220092,""win_rate"":0.15384615}},""value"":0.3268667},{""row"":4,""col"":0,""kind"":""eligible"",""pair"":{""id"":""pair-712720ca3ad47215"",""teamId"":""oe:team:3921fffdab4f130255658ea322e1ab6"",""teamName"":""x25 Esports"",""playerAId"":""oe:player:85b3b3e91202ccada9f1f5a24dc1bfb"",""playerBId"":""oe:player:dbe75751981b890185b008df9b6542e"",""playerA"":""Cl0x"",""playerB"":""Patkica"",""stats"":{""eligible"":true,""n_games_total"":10.0,""n_games"":10.0,""n_days"":10.0,""mean_impact"":0.49709328,""shrunk_impact"":0.24854664,""ci_low"":-0.14734641,""ci_high"":0.7757219,""win_rate"":0.1}},""value"":0.24854664},{""row"":4,""col"":1,""kind"":""eligible"",""pair"":{""id"":""pair-7f21e05d6c326f54"",""teamId"":""oe:team:3921fffdab4f130255658ea322e1ab6"",""teamName"":""x25 Esports"",""playerAId"":""oe:player:84ffdf6566c6585114da1ccd9b6a3e3"",""playerBId"":""oe:player:85b3b3e91202ccada9f1f5a24dc1bfb"",""playerA"":""Jocke"",""playerB"":""Cl0x"",""stats"":{""eligible"":true,""n_games_total"":10.0,""n_games"":10.0,""n_days"":10.0,""mean_impact"":0.41249312,""shrunk_impact"":0.20624656,""ci_low"":-0.08432715,""ci_high"":0.57838356,""win_rate"":0.1}},""value"":0.20624656},{""row"":4,""col"":2,""kind"":""sparse"",""pair"":{""id"":""pair-124567402b031e4b"",""teamId"":""oe:team:3921fffdab4f130255658ea322e1ab6"",""teamName"":""x25 Esports"",""playerAId"":""oe:player:85b3b3e91202ccada9f1f5a24dc1bfb"",""playerBId"":""oe:player:f7bd515227bda9d65b8f4cc7475ad06"",""playerA"":""Cl0x"",""playerB"":""Duke Anton"",""stats"":{""eligible"":false,""n_games_total"":4.0,""n_games"":4.0,""n_days"":4.0,""mean_impact"":0.19795278,""shrunk_impact"":0.05655794,""ci_low"":-0.15458129,""ci_high"":0.24954219,""win_rate"":0.25}},""value"":0.05655794},{""row"":4,""col"":3,""kind"":""eligible"",""pair"":{""id"":""pair-47846810adecf7b4"",""teamId"":""oe:team:3921fffdab4f130255658ea322e1ab6"",""teamName"":""x25 Esports"",""playerAId"":""oe:player:5c58c2e986e8aec0ee6f2465823349a"",""playerBId"":""oe:player:85b3b3e91202ccada9f1f5a24dc1bfb"",""playerA"":""GOLDENTO4ST"",""playerB"":""Cl0x"",""stats"":{""eligible"":true,""n_games_total"":13.0,""n_games"":13.0,""n_days"":13.0,""mean_impact"":0.57830262,""shrunk_impact"":0.3268667,""ci_low"":-0.02340587,""ci_high"":0.73220092,""win_rate"":0.15384615}},""value"":0.3268667},{""row"":4,""col"":4,""kind"":""self"",""pair"":null,""value"":null}],""limit"":0.3268667,""hasEligiblePair"":true}"
lineup-c910bb26d1e907a7,oe:team:f60c41e54d2d0eaad6159eeb45336b4,Random 5,2019,oe:player:5e4e5f10bd862a0c9a3b6b5a86d4ce5,LUBEEENZZZ,oe:player:9fa920ac7db9d9d8222a23dd5f73e01,HopHopJr,oe:player:1e1db24bf0fc4f96936d640998c3756,Lmzs,oe:player:c8c871675cf00113f4f4e63ebc43fae,WildRabbit,oe:player:046bc46d1fafc28f2908ddaf25434db,Turanaga,2,2,2,-0.61456046,-0.10242674,,,False,0.00000000,373.48874251,1.21483501,0.20707050,0.23458583,0.23329074,0.19544306,0.18447740,0.18485427,0.22672866,0.33850636,0.21216502,0.18784834,0.14333817,0.09334797,"{""version"":1,""players"":[{""id"":""oe:player:5e4e5f10bd862a0c9a3b6b5a86d4ce5"",""name"":""LUBEEENZZZ"",""role"":""top""},{""id"":""oe:player:9fa920ac7db9d9d8222a23dd5f73e01"",""name"":""HopHopJr"",""role"":""jng""},{""id"":""oe:player:1e1db24bf0fc4f96936d640998c3756"",""name"":""Lmzs"",""role"":""mid""},{""id"":""oe:player:c8c871675cf00113f4f4e63ebc43fae"",""name"":""WildRabbit"",""role"":""bot""},{""id"":""oe:player:046bc46d1fafc28f2908ddaf25434db"",""name"":""Turanaga"",""role"":""sup""}],""cells"":[{""row"":0,""col"":0,""kind"":""self"",""pair"":null,""value"":null},{""row"":0,""col"":1,""kind"":""sparse"",""pair"":{""id"":""pair-389fac4a946d9bb3"",""teamId"":""oe:team:f60c41e54d2d0eaad6159eeb45336b4"",""teamName"":""Random 5"",""playerAId"":""oe:player:5e4e5f10bd862a0c9a3b6b5a86d4ce5"",""playerBId"":""oe:player:9fa920ac7db9d9d8222a23dd5f73e01"",""playerA"":""LUBEEENZZZ"",""playerB"":""HopHopJr"",""stats"":{""eligible"":false,""n_games_total"":2.0,""n_games"":2.0,""n_days"":2.0,""mean_impact"":-0.56536378,""shrunk_impact"":-0.0942273,""ci_low"":null,""ci_high"":null,""win_rate"":0.0}},""value"":-0.0942273},{""row"":0,""col"":2,""kind"":""eligible"",""pair"":{""id"":""pair-69f471df481b689d"",""teamId"":""oe:team:f60c41e54d2d0eaad6159eeb45336b4"",""teamName"":""Random 5"",""playerAId"":""oe:player:1e1db24bf0fc4f96936d640998c3756"",""playerBId"":""oe:player:5e4e5f10bd862a0c9a3b6b5a86d4ce5"",""playerA"":""Lmzs"",""playerB"":""LUBEEENZZZ"",""stats"":{""eligible"":true,""n_games_total"":35.0,""n_games"":28.0,""n_days"":22.0,""mean_impact"":0.12107763,""shrunk_impact"":0.08921509,""ci_low"":-0.11564125,""ci_high"":0.25167966,""win_rate"":0.57142857}},""value"":0.08921509},{""row"":0,""col"":3,""kind"":""eligible"",""pair"":{""id"":""pair-8cd19d07f23fd9b5"",""teamId"":""oe:team:f60c41e54d2d0eaad6159eeb45336b4"",""teamName"":""Random 5"",""playerAId"":""oe:player:5e4e5f10bd862a0c9a3b6b5a86d4ce5"",""playerBId"":""oe:player:c8c871675cf00113f4f4e63ebc43fae"",""playerA"":""LUBEEENZZZ"",""playerB"":""WildRabbit"",""stats"":{""eligible"":true,""n_games_total"":14.0,""n_games"":13.0,""n_days"":13.0,""mean_impact"":-0.27195259,""shrunk_impact"":-0.15371233,""ci_low"":-0.35428993,""ci_high"":0.06325352,""win_rate"":0.38461538}},""value"":-0.15371233},{""row"":0,""col"":4,""kind"":""eligible"",""pair"":{""id"":""pair-b6f4f3741d8b933d"",""teamId"":""oe:team:f60c41e54d2d0eaad6159eeb45336b4"",""teamName"":""Random 5"",""playerAId"":""oe:player:046bc46d1fafc28f2908ddaf25434db"",""playerBId"":""oe:player:5e4e5f10bd862a0c9a3b6b5a86d4ce5"",""playerA"":""Turanaga"",""playerB"":""LUBEEENZZZ"",""stats"":{""eligible"":true,""n_games_total"":35.0,""n_games"":28.0,""n_days"":22.0,""mean_impact"":-0.0891351,""shrunk_impact"":-0.06567849,""ci_low"":-0.26602029,""ci_high"":0.14189361,""win_rate"":0.57142857}},""value"":-0.06567849},{""row"":1,""col"":0,""kind"":""sparse"",""pair"":{""id"":""pair-389fac4a946d9bb3"",""teamId"":""oe:team:f60c41e54d2d0eaad6159eeb45336b4"",""teamName"":""Random 5"",""playerAId"":""oe:player:5e4e5f10bd862a0c9a3b6b5a86d4ce5"",""playerBId"":""oe:player:9fa920ac7db9d9d8222a23dd5f73e01"",""playerA"":""LUBEEENZZZ"",""playerB"":""HopHopJr"",""stats"":{""eligible"":false,""n_games_total"":2.0,""n_games"":2.0,""n_days"":2.0,""mean_impact"":-0.56536378,""shrunk_impact"":-0.0942273,""ci_low"":null,""ci_high"":null,""win_rate"":0.0}},""value"":-0.0942273},{""row"":1,""col"":1,""kind"":""self"",""pair"":null,""value"":null},{""row"":1,""col"":2,""kind"":""sparse"",""pair"":{""id"":""pair-8d06f9f9330f4be1"",""teamId"":""oe:team:f60c41e54d2d0eaad6159eeb45336b4"",""teamName"":""Random 5"",""playerAId"":""oe:player:1e1db24bf0fc4f96936d640998c3756"",""playerBId"":""oe:player:9fa920ac7db9d9d8222a23dd5f73e01"",""playerA"":""Lmzs"",""playerB"":""HopHopJr"",""stats"":{""eligible"":false,""n_games_total"":2.0,""n_games"":2.0,""n_days"":2.0,""mean_impact"":0.00275928,""shrunk_impact"":0.00045988,""ci_low"":null,""ci_high"":null,""win_rate"":0.0}},""value"":0.00045988},{""row"":1,""col"":3,""kind"":""sparse"",""pair"":{""id"":""pair-746ee4fda24027de"",""teamId"":""oe:team:f60c41e54d2d0eaad6159eeb45336b4"",""teamName"":""Random 5"",""playerAId"":""oe:player:9fa920ac7db9d9d8222a23dd5f73e01"",""playerBId"":""oe:player:c8c871675cf00113f4f4e63ebc43fae"",""playerA"":""HopHopJr"",""playerB"":""WildRabbit"",""stats"":{""eligible"":false,""n_games_total"":2.0,""n_games"":2.0,""n_days"":2.0,""mean_impact"":-0.81033838,""shrunk_impact"":-0.1350564,""ci_low"":null,""ci_high"":null,""win_rate"":0.0}},""value"":-0.1350564},{""row"":1,""col"":4,""kind"":""sparse"",""pair"":{""id"":""pair-ed1f02cb2f2ff6fb"",""teamId"":""oe:team:f60c41e54d2d0eaad6159eeb45336b4"",""teamName"":""Random 5"",""playerAId"":""oe:player:046bc46d1fafc28f2908ddaf25434db"",""playerBId"":""oe:player:9fa920ac7db9d9d8222a23dd5f73e01"",""playerA"":""Turanaga"",""playerB"":""HopHopJr"",""stats"":{""eligible"":false,""n_games_total"":2.0,""n_games"":2.0,""n_days"":2.0,""mean_impact"":-0.57783288,""shrunk_impact"":-0.09630548,""ci_low"":null,""ci_high"":null,""win_rate"":0.0}},""value"":-0.09630548},{""row"":2,""col"":0,""kind"":""eligible"",""pair"":{""id"":""pair-69f471df481b689d"",""teamId"":""oe:team:f60c41e54d2d0eaad6159eeb45336b4"",""teamName"":""Random 5"",""playerAId"":""oe:player:1e1db24bf0fc4f96936d640998c3756"",""playerBId"":""oe:player:5e4e5f10bd862a0c9a3b6b5a86d4ce5"",""playerA"":""Lmzs"",""playerB"":""LUBEEENZZZ"",""stats"":{""eligible"":true,""n_games_total"":35.0,""n_games"":28.0,""n_days"":22.0,""mean_impact"":0.12107763,""shrunk_impact"":0.08921509,""ci_low"":-0.11564125,""ci_high"":0.25167966,""win_rate"":0.57142857}},""value"":0.08921509},{""row"":2,""col"":1,""kind"":""sparse"",""pair"":{""id"":""pair-8d06f9f9330f4be1"",""teamId"":""oe:team:f60c41e54d2d0eaad6159eeb45336b4"",""teamName"":""Random 5"",""playerAId"":""oe:player:1e1db24bf0fc4f96936d640998c3756"",""playerBId"":""oe:player:9fa920ac7db9d9d8222a23dd5f73e01"",""playerA"":""Lmzs"",""playerB"":""HopHopJr"",""stats"":{""eligible"":false,""n_games_total"":2.0,""n_games"":2.0,""n_days"":2.0,""mean_impact"":0.00275928,""shrunk_impact"":0.00045988,""ci_low"":null,""ci_high"":null,""win_rate"":0.0}},""value"":0.00045988},{""row"":2,""col"":2,""kind"":""self"",""pair"":null,""value"":null},{""row"":2,""col"":3,""kind"":""eligible"",""pair"":{""id"":""pair-515fd19a3699d4a9"",""teamId"":""oe:team:f60c41e54d2d0eaad6159eeb45336b4"",""teamName"":""Random 5"",""playerAId"":""oe:player:1e1db24bf0fc4f96936d640998c3756"",""playerBId"":""oe:player:c8c871675cf00113f4f4e63ebc43fae"",""playerA"":""Lmzs"",""playerB"":""WildRabbit"",""stats"":{""eligible"":true,""n_games_total"":14.0,""n_games"":13.0,""n_days"":13.0,""mean_impact"":-0.15915204,""shrunk_impact"":-0.0899555,""ci_low"":-0.32644396,""ci_high"":0.16353434,""win_rate"":0.38461538}},""value"":-0.0899555},{""row"":2,""col"":4,""kind"":""eligible"",""pair"":{""id"":""pair-b27d7b077de8affd"",""teamId"":""oe:team:f60c41e54d2d0eaad6159eeb45336b4"",""teamName"":""Random 5"",""playerAId"":""oe:player:046bc46d1fafc28f2908ddaf25434db"",""playerBId"":""oe:player:1e1db24bf0fc4f96936d640998c3756"",""playerA"":""Turanaga"",""playerB"":""Lmzs"",""stats"":{""eligible"":true,""n_games_total"":35.0,""n_games"":28.0,""n_days"":22.0,""mean_impact"":-0.00224874,""shrunk_impact"":-0.00165697,""ci_low"":-0.28418164,""ci_high"":0.22614324,""win_rate"":0.57142857}},""value"":-0.00165697},{""row"":3,""col"":0,""kind"":""eligible"",""pair"":{""id"":""pair-8cd19d07f23fd9b5"",""teamId"":""oe:team:f60c41e54d2d0eaad6159eeb45336b4"",""teamName"":""Random 5"",""playerAId"":""oe:player:5e4e5f10bd862a0c9a3b6b5a86d4ce5"",""playerBId"":""oe:player:c8c871675cf00113f4f4e63ebc43fae"",""playerA"":""LUBEEENZZZ"",""playerB"":""WildRabbit"",""stats"":{""eligible"":true,""n_games_total"":14.0,""n_games"":13.0,""n_days"":13.0,""mean_impact"":-0.27195259,""shrunk_impact"":-0.15371233,""ci_low"":-0.35428993,""ci_high"":0.06325352,""win_rate"":0.38461538}},""value"":-0.15371233},{""row"":3,""col"":1,""kind"":""sparse"",""pair"":{""id"":""pair-746ee4fda24027de"",""teamId"":""oe:team:f60c41e54d2d0eaad6159eeb45336b4"",""teamName"":""Random 5"",""playerAId"":""oe:player:9fa920ac7db9d9d8222a23dd5f73e01"",""playerBId"":""oe:player:c8c871675cf00113f4f4e63ebc43fae"",""playerA"":""HopHopJr"",""playerB"":""WildRabbit"",""stats"":{""eligible"":false,""n_games_total"":2.0,""n_games"":2.0,""n_days"":2.0,""mean_impact"":-0.81033838,""shrunk_impact"":-0.1350564,""ci_low"":null,""ci_high"":null,""win_rate"":0.0}},""value"":-0.1350564},{""row"":3,""col"":2,""kind"":""eligible"",""pair"":{""id"":""pair-515fd19a3699d4a9"",""teamId"":""oe:team:f60c41e54d2d0eaad6159eeb45336b4"",""teamName"":""Random 5"",""playerAId"":""oe:player:1e1db24bf0fc4f96936d640998c3756"",""playerBId"":""oe:player:c8c871675cf00113f4f4e63ebc43fae"",""playerA"":""Lmzs"",""playerB"":""WildRabbit"",""stats"":{""eligible"":true,""n_games_total"":14.0,""n_games"":13.0,""n_days"":13.0,""mean_impact"":-0.15915204,""shrunk_impact"":-0.0899555,""ci_low"":-0.32644396,""ci_high"":0.16353434,""win_rate"":0.38461538}},""value"":-0.0899555},{""row"":3,""col"":3,""kind"":""self"",""pair"":null,""value"":null},{""row"":3,""col"":4,""kind"":""eligible"",""pair"":{""id"":""pair-536dff2c1d3f003c"",""teamId"":""oe:team:f60c41e54d2d0eaad6159eeb45336b4"",""teamName"":""Random 5"",""playerAId"":""oe:player:046bc46d1fafc28f2908ddaf25434db"",""playerBId"":""oe:player:c8c871675cf00113f4f4e63ebc43fae"",""playerA"":""Turanaga"",""playerB"":""WildRabbit"",""stats"":{""eligible"":true,""n_games_total"":14.0,""n_games"":13.0,""n_days"":13.0,""mean_impact"":-0.2929115,""shrunk_impact"":-0.16555867,""ci_low"":-0.41047747,""ci_high"":0.13727331,""win_rate"":0.38461538}},""value"":-0.16555867},{""row"":4,""col"":0,""kind"":""eligible"",""pair"":{""id"":""pair-b6f4f3741d8b933d"",""teamId"":""oe:team:f60c41e54d2d0eaad6159eeb45336b4"",""teamName"":""Random 5"",""playerAId"":""oe:player:046bc46d1fafc28f2908ddaf25434db"",""playerBId"":""oe:player:5e4e5f10bd862a0c9a3b6b5a86d4ce5"",""playerA"":""Turanaga"",""playerB"":""LUBEEENZZZ"",""stats"":{""eligible"":true,""n_games_total"":35.0,""n_games"":28.0,""n_days"":22.0,""mean_impact"":-0.0891351,""shrunk_impact"":-0.06567849,""ci_low"":-0.26602029,""ci_high"":0.14189361,""win_rate"":0.57142857}},""value"":-0.06567849},{""row"":4,""col"":1,""kind"":""sparse"",""pair"":{""id"":""pair-ed1f02cb2f2ff6fb"",""teamId"":""oe:team:f60c41e54d2d0eaad6159eeb45336b4"",""teamName"":""Random 5"",""playerAId"":""oe:player:046bc46d1fafc28f2908ddaf25434db"",""playerBId"":""oe:player:9fa920ac7db9d9d8222a23dd5f73e01"",""playerA"":""Turanaga"",""playerB"":""HopHopJr"",""stats"":{""eligible"":false,""n_games_total"":2.0,""n_games"":2.0,""n_days"":2.0,""mean_impact"":-0.57783288,""shrunk_impact"":-0.09630548,""ci_low"":null,""ci_high"":null,""win_rate"":0.0}},""value"":-0.09630548},{""row"":4,""col"":2,""kind"":""eligible"",""pair"":{""id"":""pair-b27d7b077de8affd"",""teamId"":""oe:team:f60c41e54d2d0eaad6159eeb45336b4"",""teamName"":""Random 5"",""playerAId"":""oe:player:046bc46d1fafc28f2908ddaf25434db"",""playerBId"":""oe:player:1e1db24bf0fc4f96936d640998c3756"",""playerA"":""Turanaga"",""playerB"":""Lmzs"",""stats"":{""eligible"":true,""n_games_total"":35.0,""n_games"":28.0,""n_days"":22.0,""mean_impact"":-0.00224874,""shrunk_impact"":-0.00165697,""ci_low"":-0.28418164,""ci_high"":0.22614324,""win_rate"":0.57142857}},""value"":-0.00165697},{""row"":4,""col"":3,""kind"":""eligible"",""pair"":{""id"":""pair-536dff2c1d3f003c"",""teamId"":""oe:team:f60c41e54d2d0eaad6159eeb45336b4"",""teamName"":""Random 5"",""playerAId"":""oe:player:046bc46d1fafc28f2908ddaf25434db"",""playerBId"":""oe:player:c8c871675cf00113f4f4e63ebc43fae"",""playerA"":""Turanaga"",""playerB"":""WildRabbit"",""stats"":{""eligible"":true,""n_games_total"":14.0,""n_games"":13.0,""n_days"":13.0,""mean_impact"":-0.2929115,""shrunk_impact"":-0.16555867,""ci_low"":-0.41047747,""ci_high"":0.13727331,""win_rate"":0.38461538}},""value"":-0.16555867},{""row"":4,""col"":4,""kind"":""self"",""pair"":null,""value"":null}],""limit"":0.16555867,""hasEligiblePair"":true}"
lineup-cfd38839d0fca2dc,oe:team:60af568eab0264f92225ad6649bac88,Level Up esports,2019,oe:player:b5eb44eff14a0f0624058aa192e3e5e,GentlemanHero,oe:player:81317166070e5727aa15670f1d996b3,Lotuss,oe:player:5f4898a107d2948045588584562be3f,Dehaste,oe:player:bc9d680dded3789f2c539e8fc52ab35,neca247,oe:player:2fc47d506de431ba77f2af233f558e4,Panj,17,17,14,0.26198873,0.16495586,0.02264390,0.32879111,True,0.58823529,427.16136570,1.31168310,0.20875522,0.25042474,0.22079936,0.28631960,0.18744398,0.16450076,0.20829483,0.23619674,0.24944197,0.24065507,0.13401986,0.07232783,"{""version"":1,""players"":[{""id"":""oe:player:b5eb44eff14a0f0624058aa192e3e5e"",""name"":""GentlemanHero"",""role"":""top""},{""id"":""oe:player:81317166070e5727aa15670f1d996b3"",""name"":""Lotuss"",""role"":""jng""},{""id"":""oe:player:5f4898a107d2948045588584562be3f"",""name"":""Dehaste"",""role"":""mid""},{""id"":""oe:player:bc9d680dded3789f2c539e8fc52ab35"",""name"":""neca247"",""role"":""bot""},{""id"":""oe:player:2fc47d506de431ba77f2af233f558e4"",""name"":""Panj"",""role"":""sup""}],""cells"":[{""row"":0,""col"":0,""kind"":""self"",""pair"":null,""value"":null},{""row"":0,""col"":1,""kind"":""eligible"",""pair"":{""id"":""pair-0099afcb062fd8c9"",""teamId"":""oe:team:60af568eab0264f92225ad6649bac88"",""teamName"":""Level Up esports"",""playerAId"":""oe:player:81317166070e5727aa15670f1d996b3"",""playerBId"":""oe:player:b5eb44eff14a0f0624058aa192e3e5e"",""playerA"":""Lotuss"",""playerB"":""GentlemanHero"",""stats"":{""eligible"":true,""n_games_total"":17.0,""n_games"":17.0,""n_days"":14.0,""mean_impact"":0.72713018,""shrunk_impact"":0.45782271,""ci_low"":0.23812599,""ci_high"":0.70757831,""win_rate"":0.58823529}},""value"":0.45782271},{""row"":0,""col"":2,""kind"":""eligible"",""pair"":{""id"":""pair-225906cc7578d6e2"",""teamId"":""oe:team:60af568eab0264f92225ad6649bac88"",""teamName"":""Level Up esports"",""playerAId"":""oe:player:5f4898a107d2948045588584562be3f"",""playerBId"":""oe:player:b5eb44eff14a0f0624058aa192e3e5e"",""playerA"":""Dehaste"",""playerB"":""GentlemanHero"",""stats"":{""eligible"":true,""n_games_total"":17.0,""n_games"":17.0,""n_days"":14.0,""mean_impact"":0.7053444,""shrunk_impact"":0.44410574,""ci_low"":0.24291276,""ci_high"":0.73715815,""win_rate"":0.58823529}},""value"":0.44410574},{""row"":0,""col"":3,""kind"":""eligible"",""pair"":{""id"":""pair-02a4ea2cd5bb784e"",""teamId"":""oe:team:60af568eab0264f92225ad6649bac88"",""teamName"":""Level Up esports"",""playerAId"":""oe:player:b5eb44eff14a0f0624058aa192e3e5e"",""playerBId"":""oe:player:bc9d680dded3789f2c539e8fc52ab35"",""playerA"":""GentlemanHero"",""playerB"":""neca247"",""stats"":{""eligible"":true,""n_games_total"":17.0,""n_games"":17.0,""n_days"":14.0,""mean_impact"":0.76027127,""shrunk_impact"":0.47868932,""ci_low"":0.19516297,""ci_high"":0.81758861,""win_rate"":0.58823529}},""value"":0.47868932},{""row"":0,""col"":4,""kind"":""eligible"",""pair"":{""id"":""pair-860a31ad2cd222e7"",""teamId"":""oe:team:60af568eab0264f92225ad6649bac88"",""teamName"":""Level Up esports"",""playerAId"":""oe:player:2fc47d506de431ba77f2af233f558e4"",""playerBId"":""oe:player:b5eb44eff14a0f0624058aa192e3e5e"",""playerA"":""Panj"",""playerB"":""GentlemanHero"",""stats"":{""eligible"":true,""n_games_total"":17.0,""n_games"":17.0,""n_days"":14.0,""mean_impact"":0.41942328,""shrunk_impact"":0.26408133,""ci_low"":0.04856458,""ci_high"":0.52186345,""win_rate"":0.58823529}},""value"":0.26408133},{""row"":1,""col"":0,""kind"":""eligible"",""pair"":{""id"":""pair-0099afcb062fd8c9"",""teamId"":""oe:team:60af568eab0264f92225ad6649bac88"",""teamName"":""Level Up esports"",""playerAId"":""oe:player:81317166070e5727aa15670f1d996b3"",""playerBId"":""oe:player:b5eb44eff14a0f0624058aa192e3e5e"",""playerA"":""Lotuss"",""playerB"":""GentlemanHero"",""stats"":{""eligible"":true,""n_games_total"":17.0,""n_games"":17.0,""n_days"":14.0,""mean_impact"":0.72713018,""shrunk_impact"":0.45782271,""ci_low"":0.23812599,""ci_high"":0.70757831,""win_rate"":0.58823529}},""value"":0.45782271},{""row"":1,""col"":1,""kind"":""self"",""pair"":null,""value"":null},{""row"":1,""col"":2,""kind"":""eligible"",""pair"":{""id"":""pair-1c55a792c1697204"",""teamId"":""oe:team:60af568eab0264f92225ad6649bac88"",""teamName"":""Level Up esports"",""playerAId"":""oe:player:5f4898a107d2948045588584562be3f"",""playerBId"":""oe:player:81317166070e5727aa15670f1d996b3"",""playerA"":""Dehaste"",""playerB"":""Lotuss"",""stats"":{""eligible"":true,""n_games_total"":18.0,""n_games"":18.0,""n_days"":15.0,""mean_impact"":0.19296021,""shrunk_impact"":0.12404585,""ci_low"":-0.03699261,""ci_high"":0.29734488,""win_rate"":0.61111111}},""value"":0.12404585},{""row"":1,""col"":3,""kind"":""eligible"",""pair"":{""id"":""pair-d7bb9d1f17196c13"",""teamId"":""oe:team:60af568eab0264f92225ad6649bac88"",""teamName"":""Level Up esports"",""playerAId"":""oe:player:81317166070e5727aa15670f1d996b3"",""playerBId"":""oe:player:bc9d680dded3789f2c539e8fc52ab35"",""playerA"":""Lotuss"",""playerB"":""neca247"",""stats"":{""eligible"":true,""n_games_total"":18.0,""n_games"":18.0,""n_days"":15.0,""mean_impact"":0.22982835,""shrunk_impact"":0.1477468,""ci_low"":-0.06477478,""ci_high"":0.33747458,""win_rate"":0.61111111}},""value"":0.1477468},{""row"":1,""col"":4,""kind"":""eligible"",""pair"":{""id"":""pair-757becb6c8cb7f11"",""teamId"":""oe:team:60af568eab0264f92225ad6649bac88"",""teamName"":""Level Up esports"",""playerAId"":""oe:player:2fc47d506de431ba77f2af233f558e4"",""playerBId"":""oe:player:81317166070e5727aa15670f1d996b3"",""playerA"":""Panj"",""playerB"":""Lotuss"",""stats"":{""eligible"":true,""n_games_total"":18.0,""n_games"":18.0,""n_days"":15.0,""mean_impact"":-0.12064804,""shrunk_impact"":-0.07755945,""ci_low"":-0.24363127,""ci_high"":0.06198731,""win_rate"":0.61111111}},""value"":-0.07755945},{""row"":2,""col"":0,""kind"":""eligible"",""pair"":{""id"":""pair-225906cc7578d6e2"",""teamId"":""oe:team:60af568eab0264f92225ad6649bac88"",""teamName"":""Level Up esports"",""playerAId"":""oe:player:5f4898a107d2948045588584562be3f"",""playerBId"":""oe:player:b5eb44eff14a0f0624058aa192e3e5e"",""playerA"":""Dehaste"",""playerB"":""GentlemanHero"",""stats"":{""eligible"":true,""n_games_total"":17.0,""n_games"":17.0,""n_days"":14.0,""mean_impact"":0.7053444,""shrunk_impact"":0.44410574,""ci_low"":0.24291276,""ci_high"":0.73715815,""win_rate"":0.58823529}},""value"":0.44410574},{""row"":2,""col"":1,""kind"":""eligible"",""pair"":{""id"":""pair-1c55a792c1697204"",""teamId"":""oe:team:60af568eab0264f92225ad6649bac88"",""teamName"":""Level Up esports"",""playerAId"":""oe:player:5f4898a107d2948045588584562be3f"",""playerBId"":""oe:player:81317166070e5727aa15670f1d996b3"",""playerA"":""Dehaste"",""playerB"":""Lotuss"",""stats"":{""eligible"":true,""n_games_total"":18.0,""n_games"":18.0,""n_days"":15.0,""mean_impact"":0.19296021,""shrunk_impact"":0.12404585,""ci_low"":-0.03699261,""ci_high"":0.29734488,""win_rate"":0.61111111}},""value"":0.12404585},{""row"":2,""col"":2,""kind"":""self"",""pair"":null,""value"":null},{""row"":2,""col"":3,""kind"":""eligible"",""pair"":{""id"":""pair-b0f08fb1cdad21b0"",""teamId"":""oe:team:60af568eab0264f92225ad6649bac88"",""teamName"":""Level Up esports"",""playerAId"":""oe:player:5f4898a107d2948045588584562be3f"",""playerBId"":""oe:player:bc9d680dded3789f2c539e8fc52ab35"",""playerA"":""Dehaste"",""playerB"":""neca247"",""stats"":{""eligible"":true,""n_games_total"":18.0,""n_games"":18.0,""n_days"":15.0,""mean_impact"":0.17022751,""shrunk_impact"":0.10943197,""ci_low"":-0.04938477,""ci_high"":0.29009777,""win_rate"":0.61111111}},""value"":0.10943197},{""row"":2,""col"":4,""kind"":""eligible"",""pair"":{""id"":""pair-64bc36cb65b85b38"",""teamId"":""oe:team:60af568eab0264f92225ad6649bac88"",""teamName"":""Level Up esports"",""playerAId"":""oe:player:2fc47d506de431ba77f2af233f558e4"",""playerBId"":""oe:player:5f4898a107d2948045588584562be3f"",""playerA"":""Panj"",""playerB"":""Dehaste"",""stats"":{""eligible"":true,""n_games_total"":18.0,""n_games"":18.0,""n_days"":15.0,""mean_impact"":-0.18024888,""shrunk_impact"":-0.11587428,""ci_low"":-0.27350162,""ci_high"":0.02041791,""win_rate"":0.61111111}},""value"":-0.11587428},{""row"":3,""col"":0,""kind"":""eligible"",""pair"":{""id"":""pair-02a4ea2cd5bb784e"",""teamId"":""oe:team:60af568eab0264f92225ad6649bac88"",""teamName"":""Level Up esports"",""playerAId"":""oe:player:b5eb44eff14a0f0624058aa192e3e5e"",""playerBId"":""oe:player:bc9d680dded3789f2c539e8fc52ab35"",""playerA"":""GentlemanHero"",""playerB"":""neca247"",""stats"":{""eligible"":true,""n_games_total"":17.0,""n_games"":17.0,""n_days"":14.0,""mean_impact"":0.76027127,""shrunk_impact"":0.47868932,""ci_low"":0.19516297,""ci_high"":0.81758861,""win_rate"":0.58823529}},""value"":0.47868932},{""row"":3,""col"":1,""kind"":""eligible"",""pair"":{""id"":""pair-d7bb9d1f17196c13"",""teamId"":""oe:team:60af568eab0264f92225ad6649bac88"",""teamName"":""Level Up esports"",""playerAId"":""oe:player:81317166070e5727aa15670f1d996b3"",""playerBId"":""oe:player:bc9d680dded3789f2c539e8fc52ab35"",""playerA"":""Lotuss"",""playerB"":""neca247"",""stats"":{""eligible"":true,""n_games_total"":18.0,""n_games"":18.0,""n_days"":15.0,""mean_impact"":0.22982835,""shrunk_impact"":0.1477468,""ci_low"":-0.06477478,""ci_high"":0.33747458,""win_rate"":0.61111111}},""value"":0.1477468},{""row"":3,""col"":2,""kind"":""eligible"",""pair"":{""id"":""pair-b0f08fb1cdad21b0"",""teamId"":""oe:team:60af568eab0264f92225ad6649bac88"",""teamName"":""Level Up esports"",""playerAId"":""oe:player:5f4898a107d2948045588584562be3f"",""playerBId"":""oe:player:bc9d680dded3789f2c539e8fc52ab35"",""playerA"":""Dehaste"",""playerB"":""neca247"",""stats"":{""eligible"":true,""n_games_total"":18.0,""n_games"":18.0,""n_days"":15.0,""mean_impact"":0.17022751,""shrunk_impact"":0.10943197,""ci_low"":-0.04938477,""ci_high"":0.29009777,""win_rate"":0.61111111}},""value"":0.10943197},{""row"":3,""col"":3,""kind"":""self"",""pair"":null,""value"":null},{""row"":3,""col"":4,""kind"":""eligible"",""pair"":{""id"":""pair-b0310008f4460224"",""teamId"":""oe:team:60af568eab0264f92225ad6649bac88"",""teamName"":""Level Up esports"",""playerAId"":""oe:player:2fc47d506de431ba77f2af233f558e4"",""playerBId"":""oe:player:bc9d680dded3789f2c539e8fc52ab35"",""playerA"":""Panj"",""playerB"":""neca247"",""stats"":{""eligible"":true,""n_games_total"":30.0,""n_games"":24.0,""n_days"":21.0,""mean_impact"":-0.19279227,""shrunk_impact"":-0.13608866,""ci_low"":-0.32115642,""ci_high"":0.07286157,""win_rate"":0.54166667}},""value"":-0.13608866},{""row"":4,""col"":0,""kind"":""eligible"",""pair"":{""id"":""pair-860a31ad2cd222e7"",""teamId"":""oe:team:60af568eab0264f92225ad6649bac88"",""teamName"":""Level Up esports"",""playerAId"":""oe:player:2fc47d506de431ba77f2af233f558e4"",""playerBId"":""oe:player:b5eb44eff14a0f0624058aa192e3e5e"",""playerA"":""Panj"",""playerB"":""GentlemanHero"",""stats"":{""eligible"":true,""n_games_total"":17.0,""n_games"":17.0,""n_days"":14.0,""mean_impact"":0.41942328,""shrunk_impact"":0.26408133,""ci_low"":0.04856458,""ci_high"":0.52186345,""win_rate"":0.58823529}},""value"":0.26408133},{""row"":4,""col"":1,""kind"":""eligible"",""pair"":{""id"":""pair-757becb6c8cb7f11"",""teamId"":""oe:team:60af568eab0264f92225ad6649bac88"",""teamName"":""Level Up esports"",""playerAId"":""oe:player:2fc47d506de431ba77f2af233f558e4"",""playerBId"":""oe:player:81317166070e5727aa15670f1d996b3"",""playerA"":""Panj"",""playerB"":""Lotuss"",""stats"":{""eligible"":true,""n_games_total"":18.0,""n_games"":18.0,""n_days"":15.0,""mean_impact"":-0.12064804,""shrunk_impact"":-0.07755945,""ci_low"":-0.24363127,""ci_high"":0.06198731,""win_rate"":0.61111111}},""value"":-0.07755945},{""row"":4,""col"":2,""kind"":""eligible"",""pair"":{""id"":""pair-64bc36cb65b85b38"",""teamId"":""oe:team:60af568eab0264f92225ad6649bac88"",""teamName"":""Level Up esports"",""playerAId"":""oe:player:2fc47d506de431ba77f2af233f558e4"",""playerBId"":""oe:player:5f4898a107d2948045588584562be3f"",""playerA"":""Panj"",""playerB"":""Dehaste"",""stats"":{""eligible"":true,""n_games_total"":18.0,""n_games"":18.0,""n_days"":15.0,""mean_impact"":-0.18024888,""shrunk_impact"":-0.11587428,""ci_low"":-0.27350162,""ci_high"":0.02041791,""win_rate"":0.61111111}},""value"":-0.11587428},{""row"":4,""col"":3,""kind"":""eligible"",""pair"":{""id"":""pair-b0310008f4460224"",""teamId"":""oe:team:60af568eab0264f92225ad6649bac88"",""teamName"":""Level Up esports"",""playerAId"":""oe:player:2fc47d506de431ba77f2af233f558e4"",""playerBId"":""oe:player:bc9d680dded3789f2c539e8fc52ab35"",""playerA"":""Panj"",""playerB"":""neca247"",""stats"":{""eligible"":true,""n_games_total"":30.0,""n_games"":24.0,""n_days"":21.0,""mean_impact"":-0.19279227,""shrunk_impact"":-0.13608866,""ci_low"":-0.32115642,""ci_high"":0.07286157,""win_rate"":0.54166667}},""value"":-0.13608866},{""row"":4,""col"":4,""kind"":""self"",""pair"":null,""value"":null}],""limit"":0.47868932,""hasEligiblePair"":true}"
lineup-d850717ed692dc57,oe:team:f60c41e54d2d0eaad6159eeb45336b4,Random 5,2019,oe:player:5e4e5f10bd862a0c9a3b6b5a86d4ce5,LUBEEENZZZ,oe:player:505b3d97b55c4e94e948e8d994f9d51,EdinPriqtel,oe:player:1e1db24bf0fc4f96936d640998c3756,Lmzs,oe:player:c8c871675cf00113f4f4e63ebc43fae,WildRabbit,oe:player:046bc46d1fafc28f2908ddaf25434db,Turanaga,7,7,7,0.21496386,0.08851453,-0.08423934,0.33954334,False,0.71428571,414.86731098,1.27262005,0.20973001,0.23582223,0.19469974,0.22422779,0.19496226,0.16390738,0.24848755,0.28624308,0.22676089,0.21743761,0.13508956,0.10818414,"{""version"":1,""players"":[{""id"":""oe:player:5e4e5f10bd862a0c9a3b6b5a86d4ce5"",""name"":""LUBEEENZZZ"",""role"":""top""},{""id"":""oe:player:505b3d97b55c4e94e948e8d994f9d51"",""name"":""EdinPriqtel"",""role"":""jng""},{""id"":""oe:player:1e1db24bf0fc4f96936d640998c3756"",""name"":""Lmzs"",""role"":""mid""},{""id"":""oe:player:c8c871675cf00113f4f4e63ebc43fae"",""name"":""WildRabbit"",""role"":""bot""},{""id"":""oe:player:046bc46d1fafc28f2908ddaf25434db"",""name"":""Turanaga"",""role"":""sup""}],""cells"":[{""row"":0,""col"":0,""kind"":""self"",""pair"":null,""value"":null},{""row"":0,""col"":1,""kind"":""sparse"",""pair"":{""id"":""pair-36c277f050b17065"",""teamId"":""oe:team:f60c41e54d2d0eaad6159eeb45336b4"",""teamName"":""Random 5"",""playerAId"":""oe:player:505b3d97b55c4e94e948e8d994f9d51"",""playerBId"":""oe:player:5e4e5f10bd862a0c9a3b6b5a86d4ce5"",""playerA"":""EdinPriqtel"",""playerB"":""LUBEEENZZZ"",""stats"":{""eligible"":false,""n_games_total"":7.0,""n_games"":7.0,""n_days"":7.0,""mean_impact"":0.16537915,""shrunk_impact"":0.0680973,""ci_low"":-0.03753717,""ci_high"":0.20692978,""win_rate"":0.71428571}},""value"":0.0680973},{""row"":0,""col"":2,""kind"":""eligible"",""pair"":{""id"":""pair-69f471df481b689d"",""teamId"":""oe:team:f60c41e54d2d0eaad6159eeb45336b4"",""teamName"":""Random 5"",""playerAId"":""oe:player:1e1db24bf0fc4f96936d640998c3756"",""playerBId"":""oe:player:5e4e5f10bd862a0c9a3b6b5a86d4ce5"",""playerA"":""Lmzs"",""playerB"":""LUBEEENZZZ"",""stats"":{""eligible"":true,""n_games_total"":35.0,""n_games"":28.0,""n_days"":22.0,""mean_impact"":0.12107763,""shrunk_impact"":0.08921509,""ci_low"":-0.11564125,""ci_high"":0.25167966,""win_rate"":0.57142857}},""value"":0.08921509},{""row"":0,""col"":3,""kind"":""eligible"",""pair"":{""id"":""pair-8cd19d07f23fd9b5"",""teamId"":""oe:team:f60c41e54d2d0eaad6159eeb45336b4"",""teamName"":""Random 5"",""playerAId"":""oe:player:5e4e5f10bd862a0c9a3b6b5a86d4ce5"",""playerBId"":""oe:player:c8c871675cf00113f4f4e63ebc43fae"",""playerA"":""LUBEEENZZZ"",""playerB"":""WildRabbit"",""stats"":{""eligible"":true,""n_games_total"":14.0,""n_games"":13.0,""n_days"":13.0,""mean_impact"":-0.27195259,""shrunk_impact"":-0.15371233,""ci_low"":-0.35428993,""ci_high"":0.06325352,""win_rate"":0.38461538}},""value"":-0.15371233},{""row"":0,""col"":4,""kind"":""eligible"",""pair"":{""id"":""pair-b6f4f3741d8b933d"",""teamId"":""oe:team:f60c41e54d2d0eaad6159eeb45336b4"",""teamName"":""Random 5"",""playerAId"":""oe:player:046bc46d1fafc28f2908ddaf25434db"",""playerBId"":""oe:player:5e4e5f10bd862a0c9a3b6b5a86d4ce5"",""playerA"":""Turanaga"",""playerB"":""LUBEEENZZZ"",""stats"":{""eligible"":true,""n_games_total"":35.0,""n_games"":28.0,""n_days"":22.0,""mean_impact"":-0.0891351,""shrunk_impact"":-0.06567849,""ci_low"":-0.26602029,""ci_high"":0.14189361,""win_rate"":0.57142857}},""value"":-0.06567849},{""row"":1,""col"":0,""kind"":""sparse"",""pair"":{""id"":""pair-36c277f050b17065"",""teamId"":""oe:team:f60c41e54d2d0eaad6159eeb45336b4"",""teamName"":""Random 5"",""playerAId"":""oe:player:505b3d97b55c4e94e948e8d994f9d51"",""playerBId"":""oe:player:5e4e5f10bd862a0c9a3b6b5a86d4ce5"",""playerA"":""EdinPriqtel"",""playerB"":""LUBEEENZZZ"",""stats"":{""eligible"":false,""n_games_total"":7.0,""n_games"":7.0,""n_days"":7.0,""mean_impact"":0.16537915,""shrunk_impact"":0.0680973,""ci_low"":-0.03753717,""ci_high"":0.20692978,""win_rate"":0.71428571}},""value"":0.0680973},{""row"":1,""col"":1,""kind"":""self"",""pair"":null,""value"":null},{""row"":1,""col"":2,""kind"":""sparse"",""pair"":{""id"":""pair-561fb2472e1f77a6"",""teamId"":""oe:team:f60c41e54d2d0eaad6159eeb45336b4"",""teamName"":""Random 5"",""playerAId"":""oe:player:1e1db24bf0fc4f96936d640998c3756"",""playerBId"":""oe:player:505b3d97b55c4e94e948e8d994f9d51"",""playerA"":""Lmzs"",""playerB"":""EdinPriqtel"",""stats"":{""eligible"":false,""n_games_total"":7.0,""n_games"":7.0,""n_days"":7.0,""mean_impact"":0.3838554,""shrunk_impact"":0.1580581,""ci_low"":-0.04175912,""ci_high"":0.37297756,""win_rate"":0.71428571}},""value"":0.1580581},{""row"":1,""col"":3,""kind"":""sparse"",""pair"":{""id"":""pair-18a9dc9031d5f68a"",""teamId"":""oe:team:f60c41e54d2d0eaad6159eeb45336b4"",""teamName"":""Random 5"",""playerAId"":""oe:player:505b3d97b55c4e94e948e8d994f9d51"",""playerBId"":""oe:player:c8c871675cf00113f4f4e63ebc43fae"",""playerA"":""EdinPriqtel"",""playerB"":""WildRabbit"",""stats"":{""eligible"":false,""n_games_total"":7.0,""n_games"":7.0,""n_days"":7.0,""mean_impact"":-0.01961686,""shrunk_impact"":-0.00807753,""ci_low"":-0.15541624,""ci_high"":0.14693684,""win_rate"":0.71428571}},""value"":-0.00807753},{""row"":1,""col"":4,""kind"":""sparse"",""pair"":{""id"":""pair-15b7f1c8f92facec"",""teamId"":""oe:team:f60c41e54d2d0eaad6159eeb45336b4"",""teamName"":""Random 5"",""playerAId"":""oe:player:046bc46d1fafc28f2908ddaf25434db"",""playerBId"":""oe:player:505b3d97b55c4e94e948e8d994f9d51"",""playerA"":""Turanaga"",""playerB"":""EdinPriqtel"",""stats"":{""eligible"":false,""n_games_total"":7.0,""n_games"":7.0,""n_days"":7.0,""mean_impact"":0.20464307,""shrunk_impact"":0.08426479,""ci_low"":-0.18845673,""ci_high"":0.45897204,""win_rate"":0.71428571}},""value"":0.08426479},{""row"":2,""col"":0,""kind"":""eligible"",""pair"":{""id"":""pair-69f471df481b689d"",""teamId"":""oe:team:f60c41e54d2d0eaad6159eeb45336b4"",""teamName"":""Random 5"",""playerAId"":""oe:player:1e1db24bf0fc4f96936d640998c3756"",""playerBId"":""oe:player:5e4e5f10bd862a0c9a3b6b5a86d4ce5"",""playerA"":""Lmzs"",""playerB"":""LUBEEENZZZ"",""stats"":{""eligible"":true,""n_games_total"":35.0,""n_games"":28.0,""n_days"":22.0,""mean_impact"":0.12107763,""shrunk_impact"":0.08921509,""ci_low"":-0.11564125,""ci_high"":0.25167966,""win_rate"":0.57142857}},""value"":0.08921509},{""row"":2,""col"":1,""kind"":""sparse"",""pair"":{""id"":""pair-561fb2472e1f77a6"",""teamId"":""oe:team:f60c41e54d2d0eaad6159eeb45336b4"",""teamName"":""Random 5"",""playerAId"":""oe:player:1e1db24bf0fc4f96936d640998c3756"",""playerBId"":""oe:player:505b3d97b55c4e94e948e8d994f9d51"",""playerA"":""Lmzs"",""playerB"":""EdinPriqtel"",""stats"":{""eligible"":false,""n_games_total"":7.0,""n_games"":7.0,""n_days"":7.0,""mean_impact"":0.3838554,""shrunk_impact"":0.1580581,""ci_low"":-0.04175912,""ci_high"":0.37297756,""win_rate"":0.71428571}},""value"":0.1580581},{""row"":2,""col"":2,""kind"":""self"",""pair"":null,""value"":null},{""row"":2,""col"":3,""kind"":""eligible"",""pair"":{""id"":""pair-515fd19a3699d4a9"",""teamId"":""oe:team:f60c41e54d2d0eaad6159eeb45336b4"",""teamName"":""Random 5"",""playerAId"":""oe:player:1e1db24bf0fc4f96936d640998c3756"",""playerBId"":""oe:player:c8c871675cf00113f4f4e63ebc43fae"",""playerA"":""Lmzs"",""playerB"":""WildRabbit"",""stats"":{""eligible"":true,""n_games_total"":14.0,""n_games"":13.0,""n_days"":13.0,""mean_impact"":-0.15915204,""shrunk_impact"":-0.0899555,""ci_low"":-0.32644396,""ci_high"":0.16353434,""win_rate"":0.38461538}},""value"":-0.0899555},{""row"":2,""col"":4,""kind"":""eligible"",""pair"":{""id"":""pair-b27d7b077de8affd"",""teamId"":""oe:team:f60c41e54d2d0eaad6159eeb45336b4"",""teamName"":""Random 5"",""playerAId"":""oe:player:046bc46d1fafc28f2908ddaf25434db"",""playerBId"":""oe:player:1e1db24bf0fc4f96936d640998c3756"",""playerA"":""Turanaga"",""playerB"":""Lmzs"",""stats"":{""eligible"":true,""n_games_total"":35.0,""n_games"":28.0,""n_days"":22.0,""mean_impact"":-0.00224874,""shrunk_impact"":-0.00165697,""ci_low"":-0.28418164,""ci_high"":0.22614324,""win_rate"":0.57142857}},""value"":-0.00165697},{""row"":3,""col"":0,""kind"":""eligible"",""pair"":{""id"":""pair-8cd19d07f23fd9b5"",""teamId"":""oe:team:f60c41e54d2d0eaad6159eeb45336b4"",""teamName"":""Random 5"",""playerAId"":""oe:player:5e4e5f10bd862a0c9a3b6b5a86d4ce5"",""playerBId"":""oe:player:c8c871675cf00113f4f4e63ebc43fae"",""playerA"":""LUBEEENZZZ"",""playerB"":""WildRabbit"",""stats"":{""eligible"":true,""n_games_total"":14.0,""n_games"":13.0,""n_days"":13.0,""mean_impact"":-0.27195259,""shrunk_impact"":-0.15371233,""ci_low"":-0.35428993,""ci_high"":0.06325352,""win_rate"":0.38461538}},""value"":-0.15371233},{""row"":3,""col"":1,""kind"":""sparse"",""pair"":{""id"":""pair-18a9dc9031d5f68a"",""teamId"":""oe:team:f60c41e54d2d0eaad6159eeb45336b4"",""teamName"":""Random 5"",""playerAId"":""oe:player:505b3d97b55c4e94e948e8d994f9d51"",""playerBId"":""oe:player:c8c871675cf00113f4f4e63ebc43fae"",""playerA"":""EdinPriqtel"",""playerB"":""WildRabbit"",""stats"":{""eligible"":false,""n_games_total"":7.0,""n_games"":7.0,""n_days"":7.0,""mean_impact"":-0.01961686,""shrunk_impact"":-0.00807753,""ci_low"":-0.15541624,""ci_high"":0.14693684,""win_rate"":0.71428571}},""value"":-0.00807753},{""row"":3,""col"":2,""kind"":""eligible"",""pair"":{""id"":""pair-515fd19a3699d4a9"",""teamId"":""oe:team:f60c41e54d2d0eaad6159eeb45336b4"",""teamName"":""Random 5"",""playerAId"":""oe:player:1e1db24bf0fc4f96936d640998c3756"",""playerBId"":""oe:player:c8c871675cf00113f4f4e63ebc43fae"",""playerA"":""Lmzs"",""playerB"":""WildRabbit"",""stats"":{""eligible"":true,""n_games_total"":14.0,""n_games"":13.0,""n_days"":13.0,""mean_impact"":-0.15915204,""shrunk_impact"":-0.0899555,""ci_low"":-0.32644396,""ci_high"":0.16353434,""win_rate"":0.38461538}},""value"":-0.0899555},{""row"":3,""col"":3,""kind"":""self"",""pair"":null,""value"":null},{""row"":3,""col"":4,""kind"":""eligible"",""pair"":{""id"":""pair-536dff2c1d3f003c"",""teamId"":""oe:team:f60c41e54d2d0eaad6159eeb45336b4"",""teamName"":""Random 5"",""playerAId"":""oe:player:046bc46d1fafc28f2908ddaf25434db"",""playerBId"":""oe:player:c8c871675cf00113f4f4e63ebc43fae"",""playerA"":""Turanaga"",""playerB"":""WildRabbit"",""stats"":{""eligible"":true,""n_games_total"":14.0,""n_games"":13.0,""n_days"":13.0,""mean_impact"":-0.2929115,""shrunk_impact"":-0.16555867,""ci_low"":-0.41047747,""ci_high"":0.13727331,""win_rate"":0.38461538}},""value"":-0.16555867},{""row"":4,""col"":0,""kind"":""eligible"",""pair"":{""id"":""pair-b6f4f3741d8b933d"",""teamId"":""oe:team:f60c41e54d2d0eaad6159eeb45336b4"",""teamName"":""Random 5"",""playerAId"":""oe:player:046bc46d1fafc28f2908ddaf25434db"",""playerBId"":""oe:player:5e4e5f10bd862a0c9a3b6b5a86d4ce5"",""playerA"":""Turanaga"",""playerB"":""LUBEEENZZZ"",""stats"":{""eligible"":true,""n_games_total"":35.0,""n_games"":28.0,""n_days"":22.0,""mean_impact"":-0.0891351,""shrunk_impact"":-0.06567849,""ci_low"":-0.26602029,""ci_high"":0.14189361,""win_rate"":0.57142857}},""value"":-0.06567849},{""row"":4,""col"":1,""kind"":""sparse"",""pair"":{""id"":""pair-15b7f1c8f92facec"",""teamId"":""oe:team:f60c41e54d2d0eaad6159eeb45336b4"",""teamName"":""Random 5"",""playerAId"":""oe:player:046bc46d1fafc28f2908ddaf25434db"",""playerBId"":""oe:player:505b3d97b55c4e94e948e8d994f9d51"",""playerA"":""Turanaga"",""playerB"":""EdinPriqtel"",""stats"":{""eligible"":false,""n_games_total"":7.0,""n_games"":7.0,""n_days"":7.0,""mean_impact"":0.20464307,""shrunk_impact"":0.08426479,""ci_low"":-0.18845673,""ci_high"":0.45897204,""win_rate"":0.71428571}},""value"":0.08426479},{""row"":4,""col"":2,""kind"":""eligible"",""pair"":{""id"":""pair-b27d7b077de8affd"",""teamId"":""oe:team:f60c41e54d2d0eaad6159eeb45336b4"",""teamName"":""Random 5"",""playerAId"":""oe:player:046bc46d1fafc28f2908ddaf25434db"",""playerBId"":""oe:player:1e1db24bf0fc4f96936d640998c3756"",""playerA"":""Turanaga"",""playerB"":""Lmzs"",""stats"":{""eligible"":true,""n_games_total"":35.0,""n_games"":28.0,""n_days"":22.0,""mean_impact"":-0.00224874,""shrunk_impact"":-0.00165697,""ci_low"":-0.28418164,""ci_high"":0.22614324,""win_rate"":0.57142857}},""value"":-0.00165697},{""row"":4,""col"":3,""kind"":""eligible"",""pair"":{""id"":""pair-536dff2c1d3f003c"",""teamId"":""oe:team:f60c41e54d2d0eaad6159eeb45336b4"",""teamName"":""Random 5"",""playerAId"":""oe:player:046bc46d1fafc28f2908ddaf25434db"",""playerBId"":""oe:player:c8c871675cf00113f4f4e63ebc43fae"",""playerA"":""Turanaga"",""playerB"":""WildRabbit"",""stats"":{""eligible"":true,""n_games_total"":14.0,""n_games"":13.0,""n_days"":13.0,""mean_impact"":-0.2929115,""shrunk_impact"":-0.16555867,""ci_low"":-0.41047747,""ci_high"":0.13727331,""win_rate"":0.38461538}},""value"":-0.16555867},{""row"":4,""col"":4,""kind"":""self"",""pair"":null,""value"":null}],""limit"":0.16555867,""hasEligiblePair"":true}"
lineup-db850e79568ec2c6,oe:team:60af568eab0264f92225ad6649bac88,Level Up esports,2019,oe:player:dfbb32609398e07a30933a617d2d9b7,KLOWNY,oe:player:9312bfc44c1e0686971d076d1364713,Ryuzaki,oe:player:ef92b55a48eb2b383af92eef0c0e738,Raqo,oe:player:bc9d680dded3789f2c539e8fc52ab35,neca247,oe:player:2fc47d506de431ba77f2af233f558e4,Panj,11,5,5,-0.08603522,-0.02867841,-0.21019240,0.14050876,False,0.40000000,355.83623005,1.33139173,0.20795637,0.24294069,0.21476462,0.23085405,0.17827460,0.15420395,0.20509041,0.21586502,0.25541625,0.31851802,0.14645412,0.08055896,"{""version"":1,""players"":[{""id"":""oe:player:dfbb32609398e07a30933a617d2d9b7"",""name"":""KLOWNY"",""role"":""top""},{""id"":""oe:player:9312bfc44c1e0686971d076d1364713"",""name"":""Ryuzaki"",""role"":""jng""},{""id"":""oe:player:ef92b55a48eb2b383af92eef0c0e738"",""name"":""Raqo"",""role"":""mid""},{""id"":""oe:player:bc9d680dded3789f2c539e8fc52ab35"",""name"":""neca247"",""role"":""bot""},{""id"":""oe:player:2fc47d506de431ba77f2af233f558e4"",""name"":""Panj"",""role"":""sup""}],""cells"":[{""row"":0,""col"":0,""kind"":""self"",""pair"":null,""value"":null},{""row"":0,""col"":1,""kind"":""sparse"",""pair"":{""id"":""pair-32be55176723c622"",""teamId"":""oe:team:60af568eab0264f92225ad6649bac88"",""teamName"":""Level Up esports"",""playerAId"":""oe:player:9312bfc44c1e0686971d076d1364713"",""playerBId"":""oe:player:dfbb32609398e07a30933a617d2d9b7"",""playerA"":""Ryuzaki"",""playerB"":""KLOWNY"",""stats"":{""eligible"":false,""n_games_total"":13.0,""n_games"":6.0,""n_days"":6.0,""mean_impact"":0.11704746,""shrunk_impact"":0.0438928,""ci_low"":-0.15791045,""ci_high"":0.223168,""win_rate"":0.33333333}},""value"":0.0438928},{""row"":0,""col"":2,""kind"":""sparse"",""pair"":{""id"":""pair-04cdad81a35c3237"",""teamId"":""oe:team:60af568eab0264f92225ad6649bac88"",""teamName"":""Level Up esports"",""playerAId"":""oe:player:dfbb32609398e07a30933a617d2d9b7"",""playerBId"":""oe:player:ef92b55a48eb2b383af92eef0c0e738"",""playerA"":""KLOWNY"",""playerB"":""Raqo"",""stats"":{""eligible"":false,""n_games_total"":14.0,""n_games"":7.0,""n_days"":7.0,""mean_impact"":0.04427449,""shrunk_impact"":0.01823067,""ci_low"":-0.18704118,""ci_high"":0.22742083,""win_rate"":0.28571429}},""value"":0.01823067},{""row"":0,""col"":3,""kind"":""sparse"",""pair"":{""id"":""pair-d9b64fdc49c5a990"",""teamId"":""oe:team:60af568eab0264f92225ad6649bac88"",""teamName"":""Level Up esports"",""playerAId"":""oe:player:bc9d680dded3789f2c539e8fc52ab35"",""playerBId"":""oe:player:dfbb32609398e07a30933a617d2d9b7"",""playerA"":""neca247"",""playerB"":""KLOWNY"",""stats"":{""eligible"":false,""n_games_total"":12.0,""n_games"":6.0,""n_days"":6.0,""mean_impact"":0.33595839,""shrunk_impact"":0.1259844,""ci_low"":-0.13542464,""ci_high"":0.36321288,""win_rate"":0.33333333}},""value"":0.1259844},{""row"":0,""col"":4,""kind"":""sparse"",""pair"":{""id"":""pair-9ecfa64550c9c95f"",""teamId"":""oe:team:60af568eab0264f92225ad6649bac88"",""teamName"":""Level Up esports"",""playerAId"":""oe:player:2fc47d506de431ba77f2af233f558e4"",""playerBId"":""oe:player:dfbb32609398e07a30933a617d2d9b7"",""playerA"":""Panj"",""playerB"":""KLOWNY"",""stats"":{""eligible"":false,""n_games_total"":14.0,""n_games"":7.0,""n_days"":7.0,""mean_impact"":-0.24041864,""shrunk_impact"":-0.09899591,""ci_low"":-0.37466272,""ci_high"":0.1728034,""win_rate"":0.28571429}},""value"":-0.09899591},{""row"":1,""col"":0,""kind"":""sparse"",""pair"":{""id"":""pair-32be55176723c622"",""teamId"":""oe:team:60af568eab0264f92225ad6649bac88"",""teamName"":""Level Up esports"",""playerAId"":""oe:player:9312bfc44c1e0686971d076d1364713"",""playerBId"":""oe:player:dfbb32609398e07a30933a617d2d9b7"",""playerA"":""Ryuzaki"",""playerB"":""KLOWNY"",""stats"":{""eligible"":false,""n_games_total"":13.0,""n_games"":6.0,""n_days"":6.0,""mean_impact"":0.11704746,""shrunk_impact"":0.0438928,""ci_low"":-0.15791045,""ci_high"":0.223168,""win_rate"":0.33333333}},""value"":0.0438928},{""row"":1,""col"":1,""kind"":""self"",""pair"":null,""value"":null},{""row"":1,""col"":2,""kind"":""sparse"",""pair"":{""id"":""pair-7a6e20e4bf62c9a8"",""teamId"":""oe:team:60af568eab0264f92225ad6649bac88"",""teamName"":""Level Up esports"",""playerAId"":""oe:player:9312bfc44c1e0686971d076d1364713"",""playerBId"":""oe:player:ef92b55a48eb2b383af92eef0c0e738"",""playerA"":""Ryuzaki"",""playerB"":""Raqo"",""stats"":{""eligible"":false,""n_games_total"":13.0,""n_games"":6.0,""n_days"":6.0,""mean_impact"":-0.29419045,""shrunk_impact"":-0.11032142,""ci_low"":-0.19748865,""ci_high"":-0.03356235,""win_rate"":0.33333333}},""value"":-0.11032142},{""row"":1,""col"":3,""kind"":""sparse"",""pair"":{""id"":""pair-d9128de93afd6f7b"",""teamId"":""oe:team:60af568eab0264f92225ad6649bac88"",""teamName"":""Level Up esports"",""playerAId"":""oe:player:9312bfc44c1e0686971d076d1364713"",""playerBId"":""oe:player:bc9d680dded3789f2c539e8fc52ab35"",""playerA"":""Ryuzaki"",""playerB"":""neca247"",""stats"":{""eligible"":false,""n_games_total"":11.0,""n_games"":5.0,""n_days"":5.0,""mean_impact"":0.08222222,""shrunk_impact"":0.02740741,""ci_low"":-0.13524335,""ci_high"":0.25872103,""win_rate"":0.4}},""value"":0.02740741},{""row"":1,""col"":4,""kind"":""sparse"",""pair"":{""id"":""pair-b90a5ec73a44742f"",""teamId"":""oe:team:60af568eab0264f92225ad6649bac88"",""teamName"":""Level Up esports"",""playerAId"":""oe:player:2fc47d506de431ba77f2af233f558e4"",""playerBId"":""oe:player:9312bfc44c1e0686971d076d1364713"",""playerA"":""Panj"",""playerB"":""Ryuzaki"",""stats"":{""eligible"":false,""n_games_total"":13.0,""n_games"":6.0,""n_days"":6.0,""mean_impact"":-0.36956869,""shrunk_impact"":-0.13858826,""ci_low"":-0.29939775,""ci_high"":0.04545776,""win_rate"":0.33333333}},""value"":-0.13858826},{""row"":2,""col"":0,""kind"":""sparse"",""pair"":{""id"":""pair-04cdad81a35c3237"",""teamId"":""oe:team:60af568eab0264f92225ad6649bac88"",""teamName"":""Level Up esports"",""playerAId"":""oe:player:dfbb32609398e07a30933a617d2d9b7"",""playerBId"":""oe:player:ef92b55a48eb2b383af92eef0c0e738"",""playerA"":""KLOWNY"",""playerB"":""Raqo"",""stats"":{""eligible"":false,""n_games_total"":14.0,""n_games"":7.0,""n_days"":7.0,""mean_impact"":0.04427449,""shrunk_impact"":0.01823067,""ci_low"":-0.18704118,""ci_high"":0.22742083,""win_rate"":0.28571429}},""value"":0.01823067},{""row"":2,""col"":1,""kind"":""sparse"",""pair"":{""id"":""pair-7a6e20e4bf62c9a8"",""teamId"":""oe:team:60af568eab0264f92225ad6649bac88"",""teamName"":""Level Up esports"",""playerAId"":""oe:player:9312bfc44c1e0686971d076d1364713"",""playerBId"":""oe:player:ef92b55a48eb2b383af92eef0c0e738"",""playerA"":""Ryuzaki"",""playerB"":""Raqo"",""stats"":{""eligible"":false,""n_games_total"":13.0,""n_games"":6.0,""n_days"":6.0,""mean_impact"":-0.29419045,""shrunk_impact"":-0.11032142,""ci_low"":-0.19748865,""ci_high"":-0.03356235,""win_rate"":0.33333333}},""value"":-0.11032142},{""row"":2,""col"":2,""kind"":""self"",""pair"":null,""value"":null},{""row"":2,""col"":3,""kind"":""sparse"",""pair"":{""id"":""pair-e4f6436a60577962"",""teamId"":""oe:team:60af568eab0264f92225ad6649bac88"",""teamName"":""Level Up esports"",""playerAId"":""oe:player:bc9d680dded3789f2c539e8fc52ab35"",""playerBId"":""oe:player:ef92b55a48eb2b383af92eef0c0e738"",""playerA"":""neca247"",""playerB"":""Raqo"",""stats"":{""eligible"":false,""n_games_total"":12.0,""n_games"":6.0,""n_days"":6.0,""mean_impact"":-0.01195813,""shrunk_impact"":-0.0044843,""ci_low"":-0.14799068,""ci_high"":0.14185246,""win_rate"":0.33333333}},""value"":-0.0044843},{""row"":2,""col"":4,""kind"":""sparse"",""pair"":{""id"":""pair-a0dee5c80bc65e64"",""teamId"":""oe:team:60af568eab0264f92225ad6649bac88"",""teamName"":""Level Up esports"",""playerAId"":""oe:player:2fc47d506de431ba77f2af233f558e4"",""playerBId"":""oe:player:ef92b55a48eb2b383af92eef0c0e738"",""playerA"":""Panj"",""playerB"":""Raqo"",""stats"":{""eligible"":false,""n_games_total"":14.0,""n_games"":7.0,""n_days"":7.0,""mean_impact"":-0.56482552,""shrunk_impact"":-0.23257522,""ci_low"":-0.38441344,""ci_high"":-0.07508287,""win_rate"":0.28571429}},""value"":-0.23257522},{""row"":3,""col"":0,""kind"":""sparse"",""pair"":{""id"":""pair-d9b64fdc49c5a990"",""teamId"":""oe:team:60af568eab0264f92225ad6649bac88"",""teamName"":""Level Up esports"",""playerAId"":""oe:player:bc9d680dded3789f2c539e8fc52ab35"",""playerBId"":""oe:player:dfbb32609398e07a30933a617d2d9b7"",""playerA"":""neca247"",""playerB"":""KLOWNY"",""stats"":{""eligible"":false,""n_games_total"":12.0,""n_games"":6.0,""n_days"":6.0,""mean_impact"":0.33595839,""shrunk_impact"":0.1259844,""ci_low"":-0.13542464,""ci_high"":0.36321288,""win_rate"":0.33333333}},""value"":0.1259844},{""row"":3,""col"":1,""kind"":""sparse"",""pair"":{""id"":""pair-d9128de93afd6f7b"",""teamId"":""oe:team:60af568eab0264f92225ad6649bac88"",""teamName"":""Level Up esports"",""playerAId"":""oe:player:9312bfc44c1e0686971d076d1364713"",""playerBId"":""oe:player:bc9d680dded3789f2c539e8fc52ab35"",""playerA"":""Ryuzaki"",""playerB"":""neca247"",""stats"":{""eligible"":false,""n_games_total"":11.0,""n_games"":5.0,""n_days"":5.0,""mean_impact"":0.08222222,""shrunk_impact"":0.02740741,""ci_low"":-0.13524335,""ci_high"":0.25872103,""win_rate"":0.4}},""value"":0.02740741},{""row"":3,""col"":2,""kind"":""sparse"",""pair"":{""id"":""pair-e4f6436a60577962"",""teamId"":""oe:team:60af568eab0264f92225ad6649bac88"",""teamName"":""Level Up esports"",""playerAId"":""oe:player:bc9d680dded3789f2c539e8fc52ab35"",""playerBId"":""oe:player:ef92b55a48eb2b383af92eef0c0e738"",""playerA"":""neca247"",""playerB"":""Raqo"",""stats"":{""eligible"":false,""n_games_total"":12.0,""n_games"":6.0,""n_days"":6.0,""mean_impact"":-0.01195813,""shrunk_impact"":-0.0044843,""ci_low"":-0.14799068,""ci_high"":0.14185246,""win_rate"":0.33333333}},""value"":-0.0044843},{""row"":3,""col"":3,""kind"":""self"",""pair"":null,""value"":null},{""row"":3,""col"":4,""kind"":""eligible"",""pair"":{""id"":""pair-b0310008f4460224"",""teamId"":""oe:team:60af568eab0264f92225ad6649bac88"",""teamName"":""Level Up esports"",""playerAId"":""oe:player:2fc47d506de431ba77f2af233f558e4"",""playerBId"":""oe:player:bc9d680dded3789f2c539e8fc52ab35"",""playerA"":""Panj"",""playerB"":""neca247"",""stats"":{""eligible"":true,""n_games_total"":30.0,""n_games"":24.0,""n_days"":21.0,""mean_impact"":-0.19279227,""shrunk_impact"":-0.13608866,""ci_low"":-0.32115642,""ci_high"":0.07286157,""win_rate"":0.54166667}},""value"":-0.13608866},{""row"":4,""col"":0,""kind"":""sparse"",""pair"":{""id"":""pair-9ecfa64550c9c95f"",""teamId"":""oe:team:60af568eab0264f92225ad6649bac88"",""teamName"":""Level Up esports"",""playerAId"":""oe:player:2fc47d506de431ba77f2af233f558e4"",""playerBId"":""oe:player:dfbb32609398e07a30933a617d2d9b7"",""playerA"":""Panj"",""playerB"":""KLOWNY"",""stats"":{""eligible"":false,""n_games_total"":14.0,""n_games"":7.0,""n_days"":7.0,""mean_impact"":-0.24041864,""shrunk_impact"":-0.09899591,""ci_low"":-0.37466272,""ci_high"":0.1728034,""win_rate"":0.28571429}},""value"":-0.09899591},{""row"":4,""col"":1,""kind"":""sparse"",""pair"":{""id"":""pair-b90a5ec73a44742f"",""teamId"":""oe:team:60af568eab0264f92225ad6649bac88"",""teamName"":""Level Up esports"",""playerAId"":""oe:player:2fc47d506de431ba77f2af233f558e4"",""playerBId"":""oe:player:9312bfc44c1e0686971d076d1364713"",""playerA"":""Panj"",""playerB"":""Ryuzaki"",""stats"":{""eligible"":false,""n_games_total"":13.0,""n_games"":6.0,""n_days"":6.0,""mean_impact"":-0.36956869,""shrunk_impact"":-0.13858826,""ci_low"":-0.29939775,""ci_high"":0.04545776,""win_rate"":0.33333333}},""value"":-0.13858826},{""row"":4,""col"":2,""kind"":""sparse"",""pair"":{""id"":""pair-a0dee5c80bc65e64"",""teamId"":""oe:team:60af568eab0264f92225ad6649bac88"",""teamName"":""Level Up esports"",""playerAId"":""oe:player:2fc47d506de431ba77f2af233f558e4"",""playerBId"":""oe:player:ef92b55a48eb2b383af92eef0c0e738"",""playerA"":""Panj"",""playerB"":""Raqo"",""stats"":{""eligible"":false,""n_games_total"":14.0,""n_games"":7.0,""n_days"":7.0,""mean_impact"":-0.56482552,""shrunk_impact"":-0.23257522,""ci_low"":-0.38441344,""ci_high"":-0.07508287,""win_rate"":0.28571429}},""value"":-0.23257522},{""row"":4,""col"":3,""kind"":""eligible"",""pair"":{""id"":""pair-b0310008f4460224"",""teamId"":""oe:team:60af568eab0264f92225ad6649bac88"",""teamName"":""Level Up esports"",""playerAId"":""oe:player:2fc47d506de431ba77f2af233f558e4"",""playerBId"":""oe:player:bc9d680dded3789f2c539e8fc52ab35"",""playerA"":""Panj"",""playerB"":""neca247"",""stats"":{""eligible"":true,""n_games_total"":30.0,""n_games"":24.0,""n_days"":21.0,""mean_impact"":-0.19279227,""shrunk_impact"":-0.13608866,""ci_low"":-0.32115642,""ci_high"":0.07286157,""win_rate"":0.54166667}},""value"":-0.13608866},{""row"":4,""col"":4,""kind"":""self"",""pair"":null,""value"":null}],""limit"":0.23257522,""hasEligiblePair"":true}"
lineup-dc7ce48768e22fdb,oe:team:e21e3adb4144bf39d2647579b25501f,WiLD MultiGaming,2019,oe:player:86a62d7139615a671299c93dd3d80e3,MarineHBS,oe:player:e5603e8f550c9a56f0acc79d5222b5f,SanyaDau,oe:player:c903d896c99735f585d35b46504341b,Sk1nzor,oe:player:d8e818b0388d7719a3509993f61e418,Matebuff,oe:player:2d830f296e33c14105bd245a5cdbbf3,hextasy,5,5,1,-0.20462937,-0.06820979,,,False,0.40000000,323.70673456,1.26099225,0.20769322,0.23995809,0.21447609,0.21936374,0.18151777,0.12012588,0.21818835,0.29325445,0.24701256,0.28718926,0.13880523,0.08006667,"{""version"":1,""players"":[{""id"":""oe:player:86a62d7139615a671299c93dd3d80e3"",""name"":""MarineHBS"",""role"":""top""},{""id"":""oe:player:e5603e8f550c9a56f0acc79d5222b5f"",""name"":""SanyaDau"",""role"":""jng""},{""id"":""oe:player:c903d896c99735f585d35b46504341b"",""name"":""Sk1nzor"",""role"":""mid""},{""id"":""oe:player:d8e818b0388d7719a3509993f61e418"",""name"":""Matebuff"",""role"":""bot""},{""id"":""oe:player:2d830f296e33c14105bd245a5cdbbf3"",""name"":""hextasy"",""role"":""sup""}],""cells"":[{""row"":0,""col"":0,""kind"":""self"",""pair"":null,""value"":null},{""row"":0,""col"":1,""kind"":""eligible"",""pair"":{""id"":""pair-0fcaa2e60e29499a"",""teamId"":""oe:team:e21e3adb4144bf39d2647579b25501f"",""teamName"":""WiLD MultiGaming"",""playerAId"":""oe:player:86a62d7139615a671299c93dd3d80e3"",""playerBId"":""oe:player:e5603e8f550c9a56f0acc79d5222b5f"",""playerA"":""MarineHBS"",""playerB"":""SanyaDau"",""stats"":{""eligible"":true,""n_games_total"":34.0,""n_games"":27.0,""n_days"":21.0,""mean_impact"":-0.52445242,""shrunk_impact"":-0.38270852,""ci_low"":-0.5306899,""ci_high"":-0.26163003,""win_rate"":0.55555556}},""value"":-0.38270852},{""row"":0,""col"":2,""kind"":""sparse"",""pair"":{""id"":""pair-fda711653e555974"",""teamId"":""oe:team:e21e3adb4144bf39d2647579b25501f"",""teamName"":""WiLD MultiGaming"",""playerAId"":""oe:player:86a62d7139615a671299c93dd3d80e3"",""playerBId"":""oe:player:c903d896c99735f585d35b46504341b"",""playerA"":""MarineHBS"",""playerB"":""Sk1nzor"",""stats"":{""eligible"":false,""n_games_total"":5.0,""n_games"":5.0,""n_days"":1.0,""mean_impact"":-0.10254346,""shrunk_impact"":-0.03418115,""ci_low"":null,""ci_high"":null,""win_rate"":0.4}},""value"":-0.03418115},{""row"":0,""col"":3,""kind"":""eligible"",""pair"":{""id"":""pair-925e7b55d1c4e2e6"",""teamId"":""oe:team:e21e3adb4144bf39d2647579b25501f"",""teamName"":""WiLD MultiGaming"",""playerAId"":""oe:player:86a62d7139615a671299c93dd3d80e3"",""playerBId"":""oe:player:d8e818b0388d7719a3509993f61e418"",""playerA"":""MarineHBS"",""playerB"":""Matebuff"",""stats"":{""eligible"":true,""n_games_total"":34.0,""n_games"":27.0,""n_days"":21.0,""mean_impact"":-0.09500198,""shrunk_impact"":-0.06932577,""ci_low"":-0.24200964,""ci_high"":0.1171235,""win_rate"":0.55555556}},""value"":-0.06932577},{""row"":0,""col"":4,""kind"":""eligible"",""pair"":{""id"":""pair-4d39c1b213122300"",""teamId"":""oe:team:e21e3adb4144bf39d2647579b25501f"",""teamName"":""WiLD MultiGaming"",""playerAId"":""oe:player:2d830f296e33c14105bd245a5cdbbf3"",""playerBId"":""oe:player:86a62d7139615a671299c93dd3d80e3"",""playerA"":""hextasy"",""playerB"":""MarineHBS"",""stats"":{""eligible"":true,""n_games_total"":33.0,""n_games"":26.0,""n_days"":20.0,""mean_impact"":-0.40793835,""shrunk_impact"":-0.29462214,""ci_low"":-0.49712092,""ci_high"":-0.0730225,""win_rate"":0.53846154}},""value"":-0.29462214},{""row"":1,""col"":0,""kind"":""eligible"",""pair"":{""id"":""pair-0fcaa2e60e29499a"",""teamId"":""oe:team:e21e3adb4144bf39d2647579b25501f"",""teamName"":""WiLD MultiGaming"",""playerAId"":""oe:player:86a62d7139615a671299c93dd3d80e3"",""playerBId"":""oe:player:e5603e8f550c9a56f0acc79d5222b5f"",""playerA"":""MarineHBS"",""playerB"":""SanyaDau"",""stats"":{""eligible"":true,""n_games_total"":34.0,""n_games"":27.0,""n_days"":21.0,""mean_impact"":-0.52445242,""shrunk_impact"":-0.38270852,""ci_low"":-0.5306899,""ci_high"":-0.26163003,""win_rate"":0.55555556}},""value"":-0.38270852},{""row"":1,""col"":1,""kind"":""self"",""pair"":null,""value"":null},{""row"":1,""col"":2,""kind"":""sparse"",""pair"":{""id"":""pair-3f837c0aa16af125"",""teamId"":""oe:team:e21e3adb4144bf39d2647579b25501f"",""teamName"":""WiLD MultiGaming"",""playerAId"":""oe:player:c903d896c99735f585d35b46504341b"",""playerBId"":""oe:player:e5603e8f550c9a56f0acc79d5222b5f"",""playerA"":""Sk1nzor"",""playerB"":""SanyaDau"",""stats"":{""eligible"":false,""n_games_total"":5.0,""n_games"":5.0,""n_days"":1.0,""mean_impact"":-0.2717121,""shrunk_impact"":-0.0905707,""ci_low"":null,""ci_high"":null,""win_rate"":0.4}},""value"":-0.0905707},{""row"":1,""col"":3,""kind"":""eligible"",""pair"":{""id"":""pair-f1d20f776072ee7d"",""teamId"":""oe:team:e21e3adb4144bf39d2647579b25501f"",""teamName"":""WiLD MultiGaming"",""playerAId"":""oe:player:d8e818b0388d7719a3509993f61e418"",""playerBId"":""oe:player:e5603e8f550c9a56f0acc79d5222b5f"",""playerA"":""Matebuff"",""playerB"":""SanyaDau"",""stats"":{""eligible"":true,""n_games_total"":36.0,""n_games"":29.0,""n_days"":23.0,""mean_impact"":-0.20342477,""shrunk_impact"":-0.15126457,""ci_low"":-0.33080314,""ci_high"":0.0656577,""win_rate"":0.55172414}},""value"":-0.15126457},{""row"":1,""col"":4,""kind"":""eligible"",""pair"":{""id"":""pair-de30965cbec60e1c"",""teamId"":""oe:team:e21e3adb4144bf39d2647579b25501f"",""teamName"":""WiLD MultiGaming"",""playerAId"":""oe:player:2d830f296e33c14105bd245a5cdbbf3"",""playerBId"":""oe:player:e5603e8f550c9a56f0acc79d5222b5f"",""playerA"":""hextasy"",""playerB"":""SanyaDau"",""stats"":{""eligible"":true,""n_games_total"":35.0,""n_games"":28.0,""n_days"":22.0,""mean_impact"":-0.56416435,""shrunk_impact"":-0.41570005,""ci_low"":-0.63005107,""ci_high"":-0.17805302,""win_rate"":0.53571429}},""value"":-0.41570005},{""row"":2,""col"":0,""kind"":""sparse"",""pair"":{""id"":""pair-fda711653e555974"",""teamId"":""oe:team:e21e3adb4144bf39d2647579b25501f"",""teamName"":""WiLD MultiGaming"",""playerAId"":""oe:player:86a62d7139615a671299c93dd3d80e3"",""playerBId"":""oe:player:c903d896c99735f585d35b46504341b"",""playerA"":""MarineHBS"",""playerB"":""Sk1nzor"",""stats"":{""eligible"":false,""n_games_total"":5.0,""n_games"":5.0,""n_days"":1.0,""mean_impact"":-0.10254346,""shrunk_impact"":-0.03418115,""ci_low"":null,""ci_high"":null,""win_rate"":0.4}},""value"":-0.03418115},{""row"":2,""col"":1,""kind"":""sparse"",""pair"":{""id"":""pair-3f837c0aa16af125"",""teamId"":""oe:team:e21e3adb4144bf39d2647579b25501f"",""teamName"":""WiLD MultiGaming"",""playerAId"":""oe:player:c903d896c99735f585d35b46504341b"",""playerBId"":""oe:player:e5603e8f550c9a56f0acc79d5222b5f"",""playerA"":""Sk1nzor"",""playerB"":""SanyaDau"",""stats"":{""eligible"":false,""n_games_total"":5.0,""n_games"":5.0,""n_days"":1.0,""mean_impact"":-0.2717121,""shrunk_impact"":-0.0905707,""ci_low"":null,""ci_high"":null,""win_rate"":0.4}},""value"":-0.0905707},{""row"":2,""col"":2,""kind"":""self"",""pair"":null,""value"":null},{""row"":2,""col"":3,""kind"":""sparse"",""pair"":{""id"":""pair-93a2937b2356380b"",""teamId"":""oe:team:e21e3adb4144bf39d2647579b25501f"",""teamName"":""WiLD MultiGaming"",""playerAId"":""oe:player:c903d896c99735f585d35b46504341b"",""playerBId"":""oe:player:d8e818b0388d7719a3509993f61e418"",""playerA"":""Sk1nzor"",""playerB"":""Matebuff"",""stats"":{""eligible"":false,""n_games_total"":5.0,""n_games"":5.0,""n_days"":1.0,""mean_impact"":-0.0600579,""shrunk_impact"":-0.0200193,""ci_low"":null,""ci_high"":null,""win_rate"":0.4}},""value"":-0.0200193},{""row"":2,""col"":4,""kind"":""sparse"",""pair"":{""id"":""pair-c3852daea9e0d412"",""teamId"":""oe:team:e21e3adb4144bf39d2647579b25501f"",""teamName"":""WiLD MultiGaming"",""playerAId"":""oe:player:2d830f296e33c14105bd245a5cdbbf3"",""playerBId"":""oe:player:c903d896c99735f585d35b46504341b"",""playerA"":""hextasy"",""playerB"":""Sk1nzor"",""stats"":{""eligible"":false,""n_games_total"":5.0,""n_games"":5.0,""n_days"":1.0,""mean_impact"":-0.18450709,""shrunk_impact"":-0.06150236,""ci_low"":null,""ci_high"":null,""win_rate"":0.4}},""value"":-0.06150236},{""row"":3,""col"":0,""kind"":""eligible"",""pair"":{""id"":""pair-925e7b55d1c4e2e6"",""teamId"":""oe:team:e21e3adb4144bf39d2647579b25501f"",""teamName"":""WiLD MultiGaming"",""playerAId"":""oe:player:86a62d7139615a671299c93dd3d80e3"",""playerBId"":""oe:player:d8e818b0388d7719a3509993f61e418"",""playerA"":""MarineHBS"",""playerB"":""Matebuff"",""stats"":{""eligible"":true,""n_games_total"":34.0,""n_games"":27.0,""n_days"":21.0,""mean_impact"":-0.09500198,""shrunk_impact"":-0.06932577,""ci_low"":-0.24200964,""ci_high"":0.1171235,""win_rate"":0.55555556}},""value"":-0.06932577},{""row"":3,""col"":1,""kind"":""eligible"",""pair"":{""id"":""pair-f1d20f776072ee7d"",""teamId"":""oe:team:e21e3adb4144bf39d2647579b25501f"",""teamName"":""WiLD MultiGaming"",""playerAId"":""oe:player:d8e818b0388d7719a3509993f61e418"",""playerBId"":""oe:player:e5603e8f550c9a56f0acc79d5222b5f"",""playerA"":""Matebuff"",""playerB"":""SanyaDau"",""stats"":{""eligible"":true,""n_games_total"":36.0,""n_games"":29.0,""n_days"":23.0,""mean_impact"":-0.20342477,""shrunk_impact"":-0.15126457,""ci_low"":-0.33080314,""ci_high"":0.0656577,""win_rate"":0.55172414}},""value"":-0.15126457},{""row"":3,""col"":2,""kind"":""sparse"",""pair"":{""id"":""pair-93a2937b2356380b"",""teamId"":""oe:team:e21e3adb4144bf39d2647579b25501f"",""teamName"":""WiLD MultiGaming"",""playerAId"":""oe:player:c903d896c99735f585d35b46504341b"",""playerBId"":""oe:player:d8e818b0388d7719a3509993f61e418"",""playerA"":""Sk1nzor"",""playerB"":""Matebuff"",""stats"":{""eligible"":false,""n_games_total"":5.0,""n_games"":5.0,""n_days"":1.0,""mean_impact"":-0.0600579,""shrunk_impact"":-0.0200193,""ci_low"":null,""ci_high"":null,""win_rate"":0.4}},""value"":-0.0200193},{""row"":3,""col"":3,""kind"":""self"",""pair"":null,""value"":null},{""row"":3,""col"":4,""kind"":""eligible"",""pair"":{""id"":""pair-77c0c8f1b6a31703"",""teamId"":""oe:team:e21e3adb4144bf39d2647579b25501f"",""teamName"":""WiLD MultiGaming"",""playerAId"":""oe:player:2d830f296e33c14105bd245a5cdbbf3"",""playerBId"":""oe:player:d8e818b0388d7719a3509993f61e418"",""playerA"":""hextasy"",""playerB"":""Matebuff"",""stats"":{""eligible"":true,""n_games_total"":35.0,""n_games"":28.0,""n_days"":22.0,""mean_impact"":-0.16730858,""shrunk_impact"":-0.12328001,""ci_low"":-0.42314514,""ci_high"":0.21248312,""win_rate"":0.53571429}},""value"":-0.12328001},{""row"":4,""col"":0,""kind"":""eligible"",""pair"":{""id"":""pair-4d39c1b213122300"",""teamId"":""oe:team:e21e3adb4144bf39d2647579b25501f"",""teamName"":""WiLD MultiGaming"",""playerAId"":""oe:player:2d830f296e33c14105bd245a5cdbbf3"",""playerBId"":""oe:player:86a62d7139615a671299c93dd3d80e3"",""playerA"":""hextasy"",""playerB"":""MarineHBS"",""stats"":{""eligible"":true,""n_games_total"":33.0,""n_games"":26.0,""n_days"":20.0,""mean_impact"":-0.40793835,""shrunk_impact"":-0.29462214,""ci_low"":-0.49712092,""ci_high"":-0.0730225,""win_rate"":0.53846154}},""value"":-0.29462214},{""row"":4,""col"":1,""kind"":""eligible"",""pair"":{""id"":""pair-de30965cbec60e1c"",""teamId"":""oe:team:e21e3adb4144bf39d2647579b25501f"",""teamName"":""WiLD MultiGaming"",""playerAId"":""oe:player:2d830f296e33c14105bd245a5cdbbf3"",""playerBId"":""oe:player:e5603e8f550c9a56f0acc79d5222b5f"",""playerA"":""hextasy"",""playerB"":""SanyaDau"",""stats"":{""eligible"":true,""n_games_total"":35.0,""n_games"":28.0,""n_days"":22.0,""mean_impact"":-0.56416435,""shrunk_impact"":-0.41570005,""ci_low"":-0.63005107,""ci_high"":-0.17805302,""win_rate"":0.53571429}},""value"":-0.41570005},{""row"":4,""col"":2,""kind"":""sparse"",""pair"":{""id"":""pair-c3852daea9e0d412"",""teamId"":""oe:team:e21e3adb4144bf39d2647579b25501f"",""teamName"":""WiLD MultiGaming"",""playerAId"":""oe:player:2d830f296e33c14105bd245a5cdbbf3"",""playerBId"":""oe:player:c903d896c99735f585d35b46504341b"",""playerA"":""hextasy"",""playerB"":""Sk1nzor"",""stats"":{""eligible"":false,""n_games_total"":5.0,""n_games"":5.0,""n_days"":1.0,""mean_impact"":-0.18450709,""shrunk_impact"":-0.06150236,""ci_low"":null,""ci_high"":null,""win_rate"":0.4}},""value"":-0.06150236},{""row"":4,""col"":3,""kind"":""eligible"",""pair"":{""id"":""pair-77c0c8f1b6a31703"",""teamId"":""oe:team:e21e3adb4144bf39d2647579b25501f"",""teamName"":""WiLD MultiGaming"",""playerAId"":""oe:player:2d830f296e33c14105bd245a5cdbbf3"",""playerBId"":""oe:player:d8e818b0388d7719a3509993f61e418"",""playerA"":""hextasy"",""playerB"":""Matebuff"",""stats"":{""eligible"":true,""n_games_total"":35.0,""n_games"":28.0,""n_days"":22.0,""mean_impact"":-0.16730858,""shrunk_impact"":-0.12328001,""ci_low"":-0.42314514,""ci_high"":0.21248312,""win_rate"":0.53571429}},""value"":-0.12328001},{""row"":4,""col"":4,""kind"":""self"",""pair"":null,""value"":null}],""limit"":0.41570005,""hasEligiblePair"":true}"
lineup-e15e93ed916cd02d,oe:team:60af568eab0264f92225ad6649bac88,Level Up esports,2019,oe:player:5e2368d65ff5a29133bec0a1ee324b6,Hamzoni,oe:player:81317166070e5727aa15670f1d996b3,Lotuss,oe:player:5f4898a107d2948045588584562be3f,Dehaste,oe:player:bc9d680dded3789f2c539e8fc52ab35,neca247,oe:player:2fc47d506de431ba77f2af233f558e4,Panj,1,1,1,0.32677292,0.02970663,,,False,1.00000000,527.58992806,1.35431655,0.20919032,0.23656783,0.18876946,0.17049499,0.23034312,0.31741665,0.20920491,0.24695234,0.24771944,0.20541010,0.12396307,0.05972592,"{""version"":1,""players"":[{""id"":""oe:player:5e2368d65ff5a29133bec0a1ee324b6"",""name"":""Hamzoni"",""role"":""top""},{""id"":""oe:player:81317166070e5727aa15670f1d996b3"",""name"":""Lotuss"",""role"":""jng""},{""id"":""oe:player:5f4898a107d2948045588584562be3f"",""name"":""Dehaste"",""role"":""mid""},{""id"":""oe:player:bc9d680dded3789f2c539e8fc52ab35"",""name"":""neca247"",""role"":""bot""},{""id"":""oe:player:2fc47d506de431ba77f2af233f558e4"",""name"":""Panj"",""role"":""sup""}],""cells"":[{""row"":0,""col"":0,""kind"":""self"",""pair"":null,""value"":null},{""row"":0,""col"":1,""kind"":""sparse"",""pair"":{""id"":""pair-2d1d1b3903c9af1b"",""teamId"":""oe:team:60af568eab0264f92225ad6649bac88"",""teamName"":""Level Up esports"",""playerAId"":""oe:player:5e2368d65ff5a29133bec0a1ee324b6"",""playerBId"":""oe:player:81317166070e5727aa15670f1d996b3"",""playerA"":""Hamzoni"",""playerB"":""Lotuss"",""stats"":{""eligible"":false,""n_games_total"":1.0,""n_games"":1.0,""n_days"":1.0,""mean_impact"":0.97085909,""shrunk_impact"":0.08825992,""ci_low"":null,""ci_high"":null,""win_rate"":1.0}},""value"":0.08825992},{""row"":0,""col"":2,""kind"":""sparse"",""pair"":{""id"":""pair-0c8eb3d739f0476f"",""teamId"":""oe:team:60af568eab0264f92225ad6649bac88"",""teamName"":""Level Up esports"",""playerAId"":""oe:player:5e2368d65ff5a29133bec0a1ee324b6"",""playerBId"":""oe:player:5f4898a107d2948045588584562be3f"",""playerA"":""Hamzoni"",""playerB"":""Dehaste"",""stats"":{""eligible"":false,""n_games_total"":1.0,""n_games"":1.0,""n_days"":1.0,""mean_impact"":0.26840214,""shrunk_impact"":0.02440019,""ci_low"":null,""ci_high"":null,""win_rate"":1.0}},""value"":0.02440019},{""row"":0,""col"":3,""kind"":""sparse"",""pair"":{""id"":""pair-080e49426b0f710b"",""teamId"":""oe:team:60af568eab0264f92225ad6649bac88"",""teamName"":""Level Up esports"",""playerAId"":""oe:player:5e2368d65ff5a29133bec0a1ee324b6"",""playerBId"":""oe:player:bc9d680dded3789f2c539e8fc52ab35"",""playerA"":""Hamzoni"",""playerB"":""neca247"",""stats"":{""eligible"":false,""n_games_total"":1.0,""n_games"":1.0,""n_days"":1.0,""mean_impact"":-0.00172791,""shrunk_impact"":-0.00015708,""ci_low"":null,""ci_high"":null,""win_rate"":1.0}},""value"":-0.00015708},{""row"":0,""col"":4,""kind"":""sparse"",""pair"":{""id"":""pair-f87f421f1794568b"",""teamId"":""oe:team:60af568eab0264f92225ad6649bac88"",""teamName"":""Level Up esports"",""playerAId"":""oe:player:2fc47d506de431ba77f2af233f558e4"",""playerBId"":""oe:player:5e2368d65ff5a29133bec0a1ee324b6"",""playerA"":""Panj"",""playerB"":""Hamzoni"",""stats"":{""eligible"":false,""n_games_total"":1.0,""n_games"":1.0,""n_days"":1.0,""mean_impact"":-0.5158872,""shrunk_impact"":-0.04689884,""ci_low"":null,""ci_high"":null,""win_rate"":1.0}},""value"":-0.04689884},{""row"":1,""col"":0,""kind"":""sparse"",""pair"":{""id"":""pair-2d1d1b3903c9af1b"",""teamId"":""oe:team:60af568eab0264f92225ad6649bac88"",""teamName"":""Level Up esports"",""playerAId"":""oe:player:5e2368d65ff5a29133bec0a1ee324b6"",""playerBId"":""oe:player:81317166070e5727aa15670f1d996b3"",""playerA"":""Hamzoni"",""playerB"":""Lotuss"",""stats"":{""eligible"":false,""n_games_total"":1.0,""n_games"":1.0,""n_days"":1.0,""mean_impact"":0.97085909,""shrunk_impact"":0.08825992,""ci_low"":null,""ci_high"":null,""win_rate"":1.0}},""value"":0.08825992},{""row"":1,""col"":1,""kind"":""self"",""pair"":null,""value"":null},{""row"":1,""col"":2,""kind"":""eligible"",""pair"":{""id"":""pair-1c55a792c1697204"",""teamId"":""oe:team:60af568eab0264f92225ad6649bac88"",""teamName"":""Level Up esports"",""playerAId"":""oe:player:5f4898a107d2948045588584562be3f"",""playerBId"":""oe:player:81317166070e5727aa15670f1d996b3"",""playerA"":""Dehaste"",""playerB"":""Lotuss"",""stats"":{""eligible"":true,""n_games_total"":18.0,""n_games"":18.0,""n_days"":15.0,""mean_impact"":0.19296021,""shrunk_impact"":0.12404585,""ci_low"":-0.03699261,""ci_high"":0.29734488,""win_rate"":0.61111111}},""value"":0.12404585},{""row"":1,""col"":3,""kind"":""eligible"",""pair"":{""id"":""pair-d7bb9d1f17196c13"",""teamId"":""oe:team:60af568eab0264f92225ad6649bac88"",""teamName"":""Level Up esports"",""playerAId"":""oe:player:81317166070e5727aa15670f1d996b3"",""playerBId"":""oe:player:bc9d680dded3789f2c539e8fc52ab35"",""playerA"":""Lotuss"",""playerB"":""neca247"",""stats"":{""eligible"":true,""n_games_total"":18.0,""n_games"":18.0,""n_days"":15.0,""mean_impact"":0.22982835,""shrunk_impact"":0.1477468,""ci_low"":-0.06477478,""ci_high"":0.33747458,""win_rate"":0.61111111}},""value"":0.1477468},{""row"":1,""col"":4,""kind"":""eligible"",""pair"":{""id"":""pair-757becb6c8cb7f11"",""teamId"":""oe:team:60af568eab0264f92225ad6649bac88"",""teamName"":""Level Up esports"",""playerAId"":""oe:player:2fc47d506de431ba77f2af233f558e4"",""playerBId"":""oe:player:81317166070e5727aa15670f1d996b3"",""playerA"":""Panj"",""playerB"":""Lotuss"",""stats"":{""eligible"":true,""n_games_total"":18.0,""n_games"":18.0,""n_days"":15.0,""mean_impact"":-0.12064804,""shrunk_impact"":-0.07755945,""ci_low"":-0.24363127,""ci_high"":0.06198731,""win_rate"":0.61111111}},""value"":-0.07755945},{""row"":2,""col"":0,""kind"":""sparse"",""pair"":{""id"":""pair-0c8eb3d739f0476f"",""teamId"":""oe:team:60af568eab0264f92225ad6649bac88"",""teamName"":""Level Up esports"",""playerAId"":""oe:player:5e2368d65ff5a29133bec0a1ee324b6"",""playerBId"":""oe:player:5f4898a107d2948045588584562be3f"",""playerA"":""Hamzoni"",""playerB"":""Dehaste"",""stats"":{""eligible"":false,""n_games_total"":1.0,""n_games"":1.0,""n_days"":1.0,""mean_impact"":0.26840214,""shrunk_impact"":0.02440019,""ci_low"":null,""ci_high"":null,""win_rate"":1.0}},""value"":0.02440019},{""row"":2,""col"":1,""kind"":""eligible"",""pair"":{""id"":""pair-1c55a792c1697204"",""teamId"":""oe:team:60af568eab0264f92225ad6649bac88"",""teamName"":""Level Up esports"",""playerAId"":""oe:player:5f4898a107d2948045588584562be3f"",""playerBId"":""oe:player:81317166070e5727aa15670f1d996b3"",""playerA"":""Dehaste"",""playerB"":""Lotuss"",""stats"":{""eligible"":true,""n_games_total"":18.0,""n_games"":18.0,""n_days"":15.0,""mean_impact"":0.19296021,""shrunk_impact"":0.12404585,""ci_low"":-0.03699261,""ci_high"":0.29734488,""win_rate"":0.61111111}},""value"":0.12404585},{""row"":2,""col"":2,""kind"":""self"",""pair"":null,""value"":null},{""row"":2,""col"":3,""kind"":""eligible"",""pair"":{""id"":""pair-b0f08fb1cdad21b0"",""teamId"":""oe:team:60af568eab0264f92225ad6649bac88"",""teamName"":""Level Up esports"",""playerAId"":""oe:player:5f4898a107d2948045588584562be3f"",""playerBId"":""oe:player:bc9d680dded3789f2c539e8fc52ab35"",""playerA"":""Dehaste"",""playerB"":""neca247"",""stats"":{""eligible"":true,""n_games_total"":18.0,""n_games"":18.0,""n_days"":15.0,""mean_impact"":0.17022751,""shrunk_impact"":0.10943197,""ci_low"":-0.04938477,""ci_high"":0.29009777,""win_rate"":0.61111111}},""value"":0.10943197},{""row"":2,""col"":4,""kind"":""eligible"",""pair"":{""id"":""pair-64bc36cb65b85b38"",""teamId"":""oe:team:60af568eab0264f92225ad6649bac88"",""teamName"":""Level Up esports"",""playerAId"":""oe:player:2fc47d506de431ba77f2af233f558e4"",""playerBId"":""oe:player:5f4898a107d2948045588584562be3f"",""playerA"":""Panj"",""playerB"":""Dehaste"",""stats"":{""eligible"":true,""n_games_total"":18.0,""n_games"":18.0,""n_days"":15.0,""mean_impact"":-0.18024888,""shrunk_impact"":-0.11587428,""ci_low"":-0.27350162,""ci_high"":0.02041791,""win_rate"":0.61111111}},""value"":-0.11587428},{""row"":3,""col"":0,""kind"":""sparse"",""pair"":{""id"":""pair-080e49426b0f710b"",""teamId"":""oe:team:60af568eab0264f92225ad6649bac88"",""teamName"":""Level Up esports"",""playerAId"":""oe:player:5e2368d65ff5a29133bec0a1ee324b6"",""playerBId"":""oe:player:bc9d680dded3789f2c539e8fc52ab35"",""playerA"":""Hamzoni"",""playerB"":""neca247"",""stats"":{""eligible"":false,""n_games_total"":1.0,""n_games"":1.0,""n_days"":1.0,""mean_impact"":-0.00172791,""shrunk_impact"":-0.00015708,""ci_low"":null,""ci_high"":null,""win_rate"":1.0}},""value"":-0.00015708},{""row"":3,""col"":1,""kind"":""eligible"",""pair"":{""id"":""pair-d7bb9d1f17196c13"",""teamId"":""oe:team:60af568eab0264f92225ad6649bac88"",""teamName"":""Level Up esports"",""playerAId"":""oe:player:81317166070e5727aa15670f1d996b3"",""playerBId"":""oe:player:bc9d680dded3789f2c539e8fc52ab35"",""playerA"":""Lotuss"",""playerB"":""neca247"",""stats"":{""eligible"":true,""n_games_total"":18.0,""n_games"":18.0,""n_days"":15.0,""mean_impact"":0.22982835,""shrunk_impact"":0.1477468,""ci_low"":-0.06477478,""ci_high"":0.33747458,""win_rate"":0.61111111}},""value"":0.1477468},{""row"":3,""col"":2,""kind"":""eligible"",""pair"":{""id"":""pair-b0f08fb1cdad21b0"",""teamId"":""oe:team:60af568eab0264f92225ad6649bac88"",""teamName"":""Level Up esports"",""playerAId"":""oe:player:5f4898a107d2948045588584562be3f"",""playerBId"":""oe:player:bc9d680dded3789f2c539e8fc52ab35"",""playerA"":""Dehaste"",""playerB"":""neca247"",""stats"":{""eligible"":true,""n_games_total"":18.0,""n_games"":18.0,""n_days"":15.0,""mean_impact"":0.17022751,""shrunk_impact"":0.10943197,""ci_low"":-0.04938477,""ci_high"":0.29009777,""win_rate"":0.61111111}},""value"":0.10943197},{""row"":3,""col"":3,""kind"":""self"",""pair"":null,""value"":null},{""row"":3,""col"":4,""kind"":""eligible"",""pair"":{""id"":""pair-b0310008f4460224"",""teamId"":""oe:team:60af568eab0264f92225ad6649bac88"",""teamName"":""Level Up esports"",""playerAId"":""oe:player:2fc47d506de431ba77f2af233f558e4"",""playerBId"":""oe:player:bc9d680dded3789f2c539e8fc52ab35"",""playerA"":""Panj"",""playerB"":""neca247"",""stats"":{""eligible"":true,""n_games_total"":30.0,""n_games"":24.0,""n_days"":21.0,""mean_impact"":-0.19279227,""shrunk_impact"":-0.13608866,""ci_low"":-0.32115642,""ci_high"":0.07286157,""win_rate"":0.54166667}},""value"":-0.13608866},{""row"":4,""col"":0,""kind"":""sparse"",""pair"":{""id"":""pair-f87f421f1794568b"",""teamId"":""oe:team:60af568eab0264f92225ad6649bac88"",""teamName"":""Level Up esports"",""playerAId"":""oe:player:2fc47d506de431ba77f2af233f558e4"",""playerBId"":""oe:player:5e2368d65ff5a29133bec0a1ee324b6"",""playerA"":""Panj"",""playerB"":""Hamzoni"",""stats"":{""eligible"":false,""n_games_total"":1.0,""n_games"":1.0,""n_days"":1.0,""mean_impact"":-0.5158872,""shrunk_impact"":-0.04689884,""ci_low"":null,""ci_high"":null,""win_rate"":1.0}},""value"":-0.04689884},{""row"":4,""col"":1,""kind"":""eligible"",""pair"":{""id"":""pair-757becb6c8cb7f11"",""teamId"":""oe:team:60af568eab0264f92225ad6649bac88"",""teamName"":""Level Up esports"",""playerAId"":""oe:player:2fc47d506de431ba77f2af233f558e4"",""playerBId"":""oe:player:81317166070e5727aa15670f1d996b3"",""playerA"":""Panj"",""playerB"":""Lotuss"",""stats"":{""eligible"":true,""n_games_total"":18.0,""n_games"":18.0,""n_days"":15.0,""mean_impact"":-0.12064804,""shrunk_impact"":-0.07755945,""ci_low"":-0.24363127,""ci_high"":0.06198731,""win_rate"":0.61111111}},""value"":-0.07755945},{""row"":4,""col"":2,""kind"":""eligible"",""pair"":{""id"":""pair-64bc36cb65b85b38"",""teamId"":""oe:team:60af568eab0264f92225ad6649bac88"",""teamName"":""Level Up esports"",""playerAId"":""oe:player:2fc47d506de431ba77f2af233f558e4"",""playerBId"":""oe:player:5f4898a107d2948045588584562be3f"",""playerA"":""Panj"",""playerB"":""Dehaste"",""stats"":{""eligible"":true,""n_games_total"":18.0,""n_games"":18.0,""n_days"":15.0,""mean_impact"":-0.18024888,""shrunk_impact"":-0.11587428,""ci_low"":-0.27350162,""ci_high"":0.02041791,""win_rate"":0.61111111}},""value"":-0.11587428},{""row"":4,""col"":3,""kind"":""eligible"",""pair"":{""id"":""pair-b0310008f4460224"",""teamId"":""oe:team:60af568eab0264f92225ad6649bac88"",""teamName"":""Level Up esports"",""playerAId"":""oe:player:2fc47d506de431ba77f2af233f558e4"",""playerBId"":""oe:player:bc9d680dded3789f2c539e8fc52ab35"",""playerA"":""Panj"",""playerB"":""neca247"",""stats"":{""eligible"":true,""n_games_total"":30.0,""n_games"":24.0,""n_days"":21.0,""mean_impact"":-0.19279227,""shrunk_impact"":-0.13608866,""ci_low"":-0.32115642,""ci_high"":0.07286157,""win_rate"":0.54166667}},""value"":-0.13608866},{""row"":4,""col"":4,""kind"":""self"",""pair"":null,""value"":null}],""limit"":0.15,""hasEligiblePair"":true}"
lineup-e8d19fd30c1f3b5a,oe:team:636ad22c939bc97d743c271a0daa83e,RIFT Esports,2019,oe:player:fe2e2139e5ab31e17185537b335e52b,Kubu,oe:player:5186e9eff276f67ad45742798051adc,Loxigar,oe:player:dc419de6761d89185a629cc1831235d,Gaaloul,oe:player:64d129224a5377b63e9727479ec987d,Counter,oe:player:4d855d5ac0497a11941e8948568db74,Rufus,3,3,3,0.01245128,0.00287337,-0.12175920,0.06730372,False,0.33333333,344.23476772,1.29919079,0.20719857,0.23136615,0.22665197,0.25539539,0.17924832,0.12601286,0.22086591,0.23982972,0.23595410,0.27950150,0.13727970,0.09926052,"{""version"":1,""players"":[{""id"":""oe:player:fe2e2139e5ab31e17185537b335e52b"",""name"":""Kubu"",""role"":""top""},{""id"":""oe:player:5186e9eff276f67ad45742798051adc"",""name"":""Loxigar"",""role"":""jng""},{""id"":""oe:player:dc419de6761d89185a629cc1831235d"",""name"":""Gaaloul"",""role"":""mid""},{""id"":""oe:player:64d129224a5377b63e9727479ec987d"",""name"":""Counter"",""role"":""bot""},{""id"":""oe:player:4d855d5ac0497a11941e8948568db74"",""name"":""Rufus"",""role"":""sup""}],""cells"":[{""row"":0,""col"":0,""kind"":""self"",""pair"":null,""value"":null},{""row"":0,""col"":1,""kind"":""sparse"",""pair"":{""id"":""pair-2e81af3ee69b287b"",""teamId"":""oe:team:636ad22c939bc97d743c271a0daa83e"",""teamName"":""RIFT Esports"",""playerAId"":""oe:player:5186e9eff276f67ad45742798051adc"",""playerBId"":""oe:player:fe2e2139e5ab31e17185537b335e52b"",""playerA"":""Loxigar"",""playerB"":""Kubu"",""stats"":{""eligible"":false,""n_games_total"":8.0,""n_games"":8.0,""n_days"":7.0,""mean_impact"":0.37360474,""shrunk_impact"":0.16604655,""ci_low"":-0.17955621,""ci_high"":0.40865811,""win_rate"":0.125}},""value"":0.16604655},{""row"":0,""col"":2,""kind"":""sparse"",""pair"":{""id"":""pair-e3ed045f5a2cac46"",""teamId"":""oe:team:636ad22c939bc97d743c271a0daa83e"",""teamName"":""RIFT Esports"",""playerAId"":""oe:player:dc419de6761d89185a629cc1831235d"",""playerBId"":""oe:player:fe2e2139e5ab31e17185537b335e52b"",""playerA"":""Gaaloul"",""playerB"":""Kubu"",""stats"":{""eligible"":false,""n_games_total"":10.0,""n_games"":3.0,""n_days"":3.0,""mean_impact"":0.32263827,""shrunk_impact"":0.07445499,""ci_low"":-0.18003378,""ci_high"":0.21752853,""win_rate"":0.33333333}},""value"":0.07445499},{""row"":0,""col"":3,""kind"":""sparse"",""pair"":{""id"":""pair-039b128fdf3315d1"",""teamId"":""oe:team:636ad22c939bc97d743c271a0daa83e"",""teamName"":""RIFT Esports"",""playerAId"":""oe:player:64d129224a5377b63e9727479ec987d"",""playerBId"":""oe:player:fe2e2139e5ab31e17185537b335e52b"",""playerA"":""Counter"",""playerB"":""Kubu"",""stats"":{""eligible"":false,""n_games_total"":10.0,""n_games"":3.0,""n_days"":3.0,""mean_impact"":0.39911884,""shrunk_impact"":0.09210435,""ci_low"":-0.15363268,""ci_high"":0.27021194,""win_rate"":0.33333333}},""value"":0.09210435},{""row"":0,""col"":4,""kind"":""sparse"",""pair"":{""id"":""pair-108bf55b0035eb8d"",""teamId"":""oe:team:636ad22c939bc97d743c271a0daa83e"",""teamName"":""RIFT Esports"",""playerAId"":""oe:player:4d855d5ac0497a11941e8948568db74"",""playerBId"":""oe:player:fe2e2139e5ab31e17185537b335e52b"",""playerA"":""Rufus"",""playerB"":""Kubu"",""stats"":{""eligible"":false,""n_games_total"":8.0,""n_games"":3.0,""n_days"":3.0,""mean_impact"":0.28102916,""shrunk_impact"":0.06485288,""ci_low"":-0.044101,""ci_high"":0.12484043,""win_rate"":0.33333333}},""value"":0.06485288},{""row"":1,""col"":0,""kind"":""sparse"",""pair"":{""id"":""pair-2e81af3ee69b287b"",""teamId"":""oe:team:636ad22c939bc97d743c271a0daa83e"",""teamName"":""RIFT Esports"",""playerAId"":""oe:player:5186e9eff276f67ad45742798051adc"",""playerBId"":""oe:player:fe2e2139e5ab31e17185537b335e52b"",""playerA"":""Loxigar"",""playerB"":""Kubu"",""stats"":{""eligible"":false,""n_games_total"":8.0,""n_games"":8.0,""n_days"":7.0,""mean_impact"":0.37360474,""shrunk_impact"":0.16604655,""ci_low"":-0.17955621,""ci_high"":0.40865811,""win_rate"":0.125}},""value"":0.16604655},{""row"":1,""col"":1,""kind"":""self"",""pair"":null,""value"":null},{""row"":1,""col"":2,""kind"":""sparse"",""pair"":{""id"":""pair-dca702fb61324afb"",""teamId"":""oe:team:636ad22c939bc97d743c271a0daa83e"",""teamName"":""RIFT Esports"",""playerAId"":""oe:player:5186e9eff276f67ad45742798051adc"",""playerBId"":""oe:player:dc419de6761d89185a629cc1831235d"",""playerA"":""Loxigar"",""playerB"":""Gaaloul"",""stats"":{""eligible"":false,""n_games_total"":3.0,""n_games"":3.0,""n_days"":3.0,""mean_impact"":-0.23417104,""shrunk_impact"":-0.05403947,""ci_low"":-0.19062787,""ci_high"":0.03618338,""win_rate"":0.33333333}},""value"":-0.05403947},{""row"":1,""col"":3,""kind"":""sparse"",""pair"":{""id"":""pair-0c45862d6a325041"",""teamId"":""oe:team:636ad22c939bc97d743c271a0daa83e"",""teamName"":""RIFT Esports"",""playerAId"":""oe:player:5186e9eff276f67ad45742798051adc"",""playerBId"":""oe:player:64d129224a5377b63e9727479ec987d"",""playerA"":""Loxigar"",""playerB"":""Counter"",""stats"":{""eligible"":false,""n_games_total"":3.0,""n_games"":3.0,""n_days"":3.0,""mean_impact"":-0.15769047,""shrunk_impact"":-0.03639011,""ci_low"":-0.16422678,""ci_high"":0.04500949,""win_rate"":0.33333333}},""value"":-0.03639011},{""row"":1,""col"":4,""kind"":""sparse"",""pair"":{""id"":""pair-1e72b3c394438c90"",""teamId"":""oe:team:636ad22c939bc97d743c271a0daa83e"",""teamName"":""RIFT Esports"",""playerAId"":""oe:player:4d855d5ac0497a11941e8948568db74"",""playerBId"":""oe:player:5186e9eff276f67ad45742798051adc"",""playerA"":""Rufus"",""playerB"":""Loxigar"",""stats"":{""eligible"":false,""n_games_total"":3.0,""n_games"":3.0,""n_days"":3.0,""mean_impact"":-0.27578015,""shrunk_impact"":-0.06364157,""ci_low"":-0.11138323,""ci_high"":-0.02484639,""win_rate"":0.33333333}},""value"":-0.06364157},{""row"":2,""col"":0,""kind"":""sparse"",""pair"":{""id"":""pair-e3ed045f5a2cac46"",""teamId"":""oe:team:636ad22c939bc97d743c271a0daa83e"",""teamName"":""RIFT Esports"",""playerAId"":""oe:player:dc419de6761d89185a629cc1831235d"",""playerBId"":""oe:player:fe2e2139e5ab31e17185537b335e52b"",""playerA"":""Gaaloul"",""playerB"":""Kubu"",""stats"":{""eligible"":false,""n_games_total"":10.0,""n_games"":3.0,""n_days"":3.0,""mean_impact"":0.32263827,""shrunk_impact"":0.07445499,""ci_low"":-0.18003378,""ci_high"":0.21752853,""win_rate"":0.33333333}},""value"":0.07445499},{""row"":2,""col"":1,""kind"":""sparse"",""pair"":{""id"":""pair-dca702fb61324afb"",""teamId"":""oe:team:636ad22c939bc97d743c271a0daa83e"",""teamName"":""RIFT Esports"",""playerAId"":""oe:player:5186e9eff276f67ad45742798051adc"",""playerBId"":""oe:player:dc419de6761d89185a629cc1831235d"",""playerA"":""Loxigar"",""playerB"":""Gaaloul"",""stats"":{""eligible"":false,""n_games_total"":3.0,""n_games"":3.0,""n_days"":3.0,""mean_impact"":-0.23417104,""shrunk_impact"":-0.05403947,""ci_low"":-0.19062787,""ci_high"":0.03618338,""win_rate"":0.33333333}},""value"":-0.05403947},{""row"":2,""col"":2,""kind"":""self"",""pair"":null,""value"":null},{""row"":2,""col"":3,""kind"":""sparse"",""pair"":{""id"":""pair-bbb3424d09daf866"",""teamId"":""oe:team:636ad22c939bc97d743c271a0daa83e"",""teamName"":""RIFT Esports"",""playerAId"":""oe:player:64d129224a5377b63e9727479ec987d"",""playerBId"":""oe:player:dc419de6761d89185a629cc1831235d"",""playerA"":""Counter"",""playerB"":""Gaaloul"",""stats"":{""eligible"":false,""n_games_total"":10.0,""n_games"":3.0,""n_days"":3.0,""mean_impact"":-0.10794039,""shrunk_impact"":-0.02490932,""ci_low"":-0.16573936,""ci_high"":0.07154462,""win_rate"":0.33333333}},""value"":-0.02490932},{""row"":2,""col"":4,""kind"":""sparse"",""pair"":{""id"":""pair-98eef66d75d20415"",""teamId"":""oe:team:636ad22c939bc97d743c271a0daa83e"",""teamName"":""RIFT Esports"",""playerAId"":""oe:player:4d855d5ac0497a11941e8948568db74"",""playerBId"":""oe:player:dc419de6761d89185a629cc1831235d"",""playerA"":""Rufus"",""playerB"":""Gaaloul"",""stats"":{""eligible"":false,""n_games_total"":8.0,""n_games"":3.0,""n_days"":3.0,""mean_impact"":-0.22603006,""shrunk_impact"":-0.05216078,""ci_low"":-0.0848481,""ci_high"":-0.01542657,""win_rate"":0.33333333}},""value"":-0.05216078},{""row"":3,""col"":0,""kind"":""sparse"",""pair"":{""id"":""pair-039b128fdf3315d1"",""teamId"":""oe:team:636ad22c939bc97d743c271a0daa83e"",""teamName"":""RIFT Esports"",""playerAId"":""oe:player:64d129224a5377b63e9727479ec987d"",""playerBId"":""oe:player:fe2e2139e5ab31e17185537b335e52b"",""playerA"":""Counter"",""playerB"":""Kubu"",""stats"":{""eligible"":false,""n_games_total"":10.0,""n_games"":3.0,""n_days"":3.0,""mean_impact"":0.39911884,""shrunk_impact"":0.09210435,""ci_low"":-0.15363268,""ci_high"":0.27021194,""win_rate"":0.33333333}},""value"":0.09210435},{""row"":3,""col"":1,""kind"":""sparse"",""pair"":{""id"":""pair-0c45862d6a325041"",""teamId"":""oe:team:636ad22c939bc97d743c271a0daa83e"",""teamName"":""RIFT Esports"",""playerAId"":""oe:player:5186e9eff276f67ad45742798051adc"",""playerBId"":""oe:player:64d129224a5377b63e9727479ec987d"",""playerA"":""Loxigar"",""playerB"":""Counter"",""stats"":{""eligible"":false,""n_games_total"":3.0,""n_games"":3.0,""n_days"":3.0,""mean_impact"":-0.15769047,""shrunk_impact"":-0.03639011,""ci_low"":-0.16422678,""ci_high"":0.04500949,""win_rate"":0.33333333}},""value"":-0.03639011},{""row"":3,""col"":2,""kind"":""sparse"",""pair"":{""id"":""pair-bbb3424d09daf866"",""teamId"":""oe:team:636ad22c939bc97d743c271a0daa83e"",""teamName"":""RIFT Esports"",""playerAId"":""oe:player:64d129224a5377b63e9727479ec987d"",""playerBId"":""oe:player:dc419de6761d89185a629cc1831235d"",""playerA"":""Counter"",""playerB"":""Gaaloul"",""stats"":{""eligible"":false,""n_games_total"":10.0,""n_games"":3.0,""n_days"":3.0,""mean_impact"":-0.10794039,""shrunk_impact"":-0.02490932,""ci_low"":-0.16573936,""ci_high"":0.07154462,""win_rate"":0.33333333}},""value"":-0.02490932},{""row"":3,""col"":3,""kind"":""self"",""pair"":null,""value"":null},{""row"":3,""col"":4,""kind"":""sparse"",""pair"":{""id"":""pair-7716b0673c5c6b30"",""teamId"":""oe:team:636ad22c939bc97d743c271a0daa83e"",""teamName"":""RIFT Esports"",""playerAId"":""oe:player:4d855d5ac0497a11941e8948568db74"",""playerBId"":""oe:player:64d129224a5377b63e9727479ec987d"",""playerA"":""Rufus"",""playerB"":""Counter"",""stats"":{""eligible"":false,""n_games_total"":8.0,""n_games"":3.0,""n_days"":3.0,""mean_impact"":-0.1495495,""shrunk_impact"":-0.03451142,""ci_low"":-0.04156299,""ci_high"":-0.02980659,""win_rate"":0.33333333}},""value"":-0.03451142},{""row"":4,""col"":0,""kind"":""sparse"",""pair"":{""id"":""pair-108bf55b0035eb8d"",""teamId"":""oe:team:636ad22c939bc97d743c271a0daa83e"",""teamName"":""RIFT Esports"",""playerAId"":""oe:player:4d855d5ac0497a11941e8948568db74"",""playerBId"":""oe:player:fe2e2139e5ab31e17185537b335e52b"",""playerA"":""Rufus"",""playerB"":""Kubu"",""stats"":{""eligible"":false,""n_games_total"":8.0,""n_games"":3.0,""n_days"":3.0,""mean_impact"":0.28102916,""shrunk_impact"":0.06485288,""ci_low"":-0.044101,""ci_high"":0.12484043,""win_rate"":0.33333333}},""value"":0.06485288},{""row"":4,""col"":1,""kind"":""sparse"",""pair"":{""id"":""pair-1e72b3c394438c90"",""teamId"":""oe:team:636ad22c939bc97d743c271a0daa83e"",""teamName"":""RIFT Esports"",""playerAId"":""oe:player:4d855d5ac0497a11941e8948568db74"",""playerBId"":""oe:player:5186e9eff276f67ad45742798051adc"",""playerA"":""Rufus"",""playerB"":""Loxigar"",""stats"":{""eligible"":false,""n_games_total"":3.0,""n_games"":3.0,""n_days"":3.0,""mean_impact"":-0.27578015,""shrunk_impact"":-0.06364157,""ci_low"":-0.11138323,""ci_high"":-0.02484639,""win_rate"":0.33333333}},""value"":-0.06364157},{""row"":4,""col"":2,""kind"":""sparse"",""pair"":{""id"":""pair-98eef66d75d20415"",""teamId"":""oe:team:636ad22c939bc97d743c271a0daa83e"",""teamName"":""RIFT Esports"",""playerAId"":""oe:player:4d855d5ac0497a11941e8948568db74"",""playerBId"":""oe:player:dc419de6761d89185a629cc1831235d"",""playerA"":""Rufus"",""playerB"":""Gaaloul"",""stats"":{""eligible"":false,""n_games_total"":8.0,""n_games"":3.0,""n_days"":3.0,""mean_impact"":-0.22603006,""shrunk_impact"":-0.05216078,""ci_low"":-0.0848481,""ci_high"":-0.01542657,""win_rate"":0.33333333}},""value"":-0.05216078},{""row"":4,""col"":3,""kind"":""sparse"",""pair"":{""id"":""pair-7716b0673c5c6b30"",""teamId"":""oe:team:636ad22c939bc97d743c271a0daa83e"",""teamName"":""RIFT Esports"",""playerAId"":""oe:player:4d855d5ac0497a11941e8948568db74"",""playerBId"":""oe:player:64d129224a5377b63e9727479ec987d"",""playerA"":""Rufus"",""playerB"":""Counter"",""stats"":{""eligible"":false,""n_games_total"":8.0,""n_games"":3.0,""n_days"":3.0,""mean_impact"":-0.1495495,""shrunk_impact"":-0.03451142,""ci_low"":-0.04156299,""ci_high"":-0.02980659,""win_rate"":0.33333333}},""value"":-0.03451142},{""row"":4,""col"":4,""kind"":""self"",""pair"":null,""value"":null}],""limit"":0.16604655,""hasEligiblePair"":false}"
lineup-fdaef5d3f19391e2,oe:team:636ad22c939bc97d743c271a0daa83e,RIFT Esports,2019,oe:player:fe2e2139e5ab31e17185537b335e52b,Kubu,oe:player:ecac964b00dc5f2bce529bf79d13eaf,Paresz,oe:player:dc419de6761d89185a629cc1831235d,Gaaloul,oe:player:64d129224a5377b63e9727479ec987d,Counter,oe:player:92cfefdee3053edb4c2e4435120d0e3,Grisen,2,0,0,,,,,False,,,,,,,,,,,,,,,,"{""version"":1,""players"":[{""id"":""oe:player:fe2e2139e5ab31e17185537b335e52b"",""name"":""Kubu"",""role"":""top""},{""id"":""oe:player:ecac964b00dc5f2bce529bf79d13eaf"",""name"":""Paresz"",""role"":""jng""},{""id"":""oe:player:dc419de6761d89185a629cc1831235d"",""name"":""Gaaloul"",""role"":""mid""},{""id"":""oe:player:64d129224a5377b63e9727479ec987d"",""name"":""Counter"",""role"":""bot""},{""id"":""oe:player:92cfefdee3053edb4c2e4435120d0e3"",""name"":""Grisen"",""role"":""sup""}],""cells"":[{""row"":0,""col"":0,""kind"":""self"",""pair"":null,""value"":null},{""row"":0,""col"":1,""kind"":""missing"",""pair"":{""id"":""pair-0385faa493923369"",""teamId"":""oe:team:636ad22c939bc97d743c271a0daa83e"",""teamName"":""RIFT Esports"",""playerAId"":""oe:player:ecac964b00dc5f2bce529bf79d13eaf"",""playerBId"":""oe:player:fe2e2139e5ab31e17185537b335e52b"",""playerA"":""Paresz"",""playerB"":""Kubu"",""stats"":{""eligible"":false,""n_games_total"":7.0,""n_games"":0.0,""n_days"":0.0,""mean_impact"":null,""shrunk_impact"":null,""ci_low"":null,""ci_high"":null,""win_rate"":null}},""value"":null},{""row"":0,""col"":2,""kind"":""sparse"",""pair"":{""id"":""pair-e3ed045f5a2cac46"",""teamId"":""oe:team:636ad22c939bc97d743c271a0daa83e"",""teamName"":""RIFT Esports"",""playerAId"":""oe:player:dc419de6761d89185a629cc1831235d"",""playerBId"":""oe:player:fe2e2139e5ab31e17185537b335e52b"",""playerA"":""Gaaloul"",""playerB"":""Kubu"",""stats"":{""eligible"":false,""n_games_total"":10.0,""n_games"":3.0,""n_days"":3.0,""mean_impact"":0.32263827,""shrunk_impact"":0.07445499,""ci_low"":-0.18003378,""ci_high"":0.21752853,""win_rate"":0.33333333}},""value"":0.07445499},{""row"":0,""col"":3,""kind"":""sparse"",""pair"":{""id"":""pair-039b128fdf3315d1"",""teamId"":""oe:team:636ad22c939bc97d743c271a0daa83e"",""teamName"":""RIFT Esports"",""playerAId"":""oe:player:64d129224a5377b63e9727479ec987d"",""playerBId"":""oe:player:fe2e2139e5ab31e17185537b335e52b"",""playerA"":""Counter"",""playerB"":""Kubu"",""stats"":{""eligible"":false,""n_games_total"":10.0,""n_games"":3.0,""n_days"":3.0,""mean_impact"":0.39911884,""shrunk_impact"":0.09210435,""ci_low"":-0.15363268,""ci_high"":0.27021194,""win_rate"":0.33333333}},""value"":0.09210435},{""row"":0,""col"":4,""kind"":""missing"",""pair"":{""id"":""pair-30d8b3de81541c07"",""teamId"":""oe:team:636ad22c939bc97d743c271a0daa83e"",""teamName"":""RIFT Esports"",""playerAId"":""oe:player:92cfefdee3053edb4c2e4435120d0e3"",""playerBId"":""oe:player:fe2e2139e5ab31e17185537b335e52b"",""playerA"":""Grisen"",""playerB"":""Kubu"",""stats"":{""eligible"":false,""n_games_total"":2.0,""n_games"":0.0,""n_days"":0.0,""mean_impact"":null,""shrunk_impact"":null,""ci_low"":null,""ci_high"":null,""win_rate"":null}},""value"":null},{""row"":1,""col"":0,""kind"":""missing"",""pair"":{""id"":""pair-0385faa493923369"",""teamId"":""oe:team:636ad22c939bc97d743c271a0daa83e"",""teamName"":""RIFT Esports"",""playerAId"":""oe:player:ecac964b00dc5f2bce529bf79d13eaf"",""playerBId"":""oe:player:fe2e2139e5ab31e17185537b335e52b"",""playerA"":""Paresz"",""playerB"":""Kubu"",""stats"":{""eligible"":false,""n_games_total"":7.0,""n_games"":0.0,""n_days"":0.0,""mean_impact"":null,""shrunk_impact"":null,""ci_low"":null,""ci_high"":null,""win_rate"":null}},""value"":null},{""row"":1,""col"":1,""kind"":""self"",""pair"":null,""value"":null},{""row"":1,""col"":2,""kind"":""missing"",""pair"":{""id"":""pair-43fe7d24b2506738"",""teamId"":""oe:team:636ad22c939bc97d743c271a0daa83e"",""teamName"":""RIFT Esports"",""playerAId"":""oe:player:dc419de6761d89185a629cc1831235d"",""playerBId"":""oe:player:ecac964b00dc5f2bce529bf79d13eaf"",""playerA"":""Gaaloul"",""playerB"":""Paresz"",""stats"":{""eligible"":false,""n_games_total"":7.0,""n_games"":0.0,""n_days"":0.0,""mean_impact"":null,""shrunk_impact"":null,""ci_low"":null,""ci_high"":null,""win_rate"":null}},""value"":null},{""row"":1,""col"":3,""kind"":""missing"",""pair"":{""id"":""pair-94947261fb69cb20"",""teamId"":""oe:team:636ad22c939bc97d743c271a0daa83e"",""teamName"":""RIFT Esports"",""playerAId"":""oe:player:64d129224a5377b63e9727479ec987d"",""playerBId"":""oe:player:ecac964b00dc5f2bce529bf79d13eaf"",""playerA"":""Counter"",""playerB"":""Paresz"",""stats"":{""eligible"":false,""n_games_total"":7.0,""n_games"":0.0,""n_days"":0.0,""mean_impact"":null,""shrunk_impact"":null,""ci_low"":null,""ci_high"":null,""win_rate"":null}},""value"":null},{""row"":1,""col"":4,""kind"":""missing"",""pair"":{""id"":""pair-0699a130ddf71d12"",""teamId"":""oe:team:636ad22c939bc97d743c271a0daa83e"",""teamName"":""RIFT Esports"",""playerAId"":""oe:player:92cfefdee3053edb4c2e4435120d0e3"",""playerBId"":""oe:player:ecac964b00dc5f2bce529bf79d13eaf"",""playerA"":""Grisen"",""playerB"":""Paresz"",""stats"":{""eligible"":false,""n_games_total"":2.0,""n_games"":0.0,""n_days"":0.0,""mean_impact"":null,""shrunk_impact"":null,""ci_low"":null,""ci_high"":null,""win_rate"":null}},""value"":null},{""row"":2,""col"":0,""kind"":""sparse"",""pair"":{""id"":""pair-e3ed045f5a2cac46"",""teamId"":""oe:team:636ad22c939bc97d743c271a0daa83e"",""teamName"":""RIFT Esports"",""playerAId"":""oe:player:dc419de6761d89185a629cc1831235d"",""playerBId"":""oe:player:fe2e2139e5ab31e17185537b335e52b"",""playerA"":""Gaaloul"",""playerB"":""Kubu"",""stats"":{""eligible"":false,""n_games_total"":10.0,""n_games"":3.0,""n_days"":3.0,""mean_impact"":0.32263827,""shrunk_impact"":0.07445499,""ci_low"":-0.18003378,""ci_high"":0.21752853,""win_rate"":0.33333333}},""value"":0.07445499},{""row"":2,""col"":1,""kind"":""missing"",""pair"":{""id"":""pair-43fe7d24b2506738"",""teamId"":""oe:team:636ad22c939bc97d743c271a0daa83e"",""teamName"":""RIFT Esports"",""playerAId"":""oe:player:dc419de6761d89185a629cc1831235d"",""playerBId"":""oe:player:ecac964b00dc5f2bce529bf79d13eaf"",""playerA"":""Gaaloul"",""playerB"":""Paresz"",""stats"":{""eligible"":false,""n_games_total"":7.0,""n_games"":0.0,""n_days"":0.0,""mean_impact"":null,""shrunk_impact"":null,""ci_low"":null,""ci_high"":null,""win_rate"":null}},""value"":null},{""row"":2,""col"":2,""kind"":""self"",""pair"":null,""value"":null},{""row"":2,""col"":3,""kind"":""sparse"",""pair"":{""id"":""pair-bbb3424d09daf866"",""teamId"":""oe:team:636ad22c939bc97d743c271a0daa83e"",""teamName"":""RIFT Esports"",""playerAId"":""oe:player:64d129224a5377b63e9727479ec987d"",""playerBId"":""oe:player:dc419de6761d89185a629cc1831235d"",""playerA"":""Counter"",""playerB"":""Gaaloul"",""stats"":{""eligible"":false,""n_games_total"":10.0,""n_games"":3.0,""n_days"":3.0,""mean_impact"":-0.10794039,""shrunk_impact"":-0.02490932,""ci_low"":-0.16573936,""ci_high"":0.07154462,""win_rate"":0.33333333}},""value"":-0.02490932},{""row"":2,""col"":4,""kind"":""missing"",""pair"":{""id"":""pair-0c2f398a0590eb69"",""teamId"":""oe:team:636ad22c939bc97d743c271a0daa83e"",""teamName"":""RIFT Esports"",""playerAId"":""oe:player:92cfefdee3053edb4c2e4435120d0e3"",""playerBId"":""oe:player:dc419de6761d89185a629cc1831235d"",""playerA"":""Grisen"",""playerB"":""Gaaloul"",""stats"":{""eligible"":false,""n_games_total"":2.0,""n_games"":0.0,""n_days"":0.0,""mean_impact"":null,""shrunk_impact"":null,""ci_low"":null,""ci_high"":null,""win_rate"":null}},""value"":null},{""row"":3,""col"":0,""kind"":""sparse"",""pair"":{""id"":""pair-039b128fdf3315d1"",""teamId"":""oe:team:636ad22c939bc97d743c271a0daa83e"",""teamName"":""RIFT Esports"",""playerAId"":""oe:player:64d129224a5377b63e9727479ec987d"",""playerBId"":""oe:player:fe2e2139e5ab31e17185537b335e52b"",""playerA"":""Counter"",""playerB"":""Kubu"",""stats"":{""eligible"":false,""n_games_total"":10.0,""n_games"":3.0,""n_days"":3.0,""mean_impact"":0.39911884,""shrunk_impact"":0.09210435,""ci_low"":-0.15363268,""ci_high"":0.27021194,""win_rate"":0.33333333}},""value"":0.09210435},{""row"":3,""col"":1,""kind"":""missing"",""pair"":{""id"":""pair-94947261fb69cb20"",""teamId"":""oe:team:636ad22c939bc97d743c271a0daa83e"",""teamName"":""RIFT Esports"",""playerAId"":""oe:player:64d129224a5377b63e9727479ec987d"",""playerBId"":""oe:player:ecac964b00dc5f2bce529bf79d13eaf"",""playerA"":""Counter"",""playerB"":""Paresz"",""stats"":{""eligible"":false,""n_games_total"":7.0,""n_games"":0.0,""n_days"":0.0,""mean_impact"":null,""shrunk_impact"":null,""ci_low"":null,""ci_high"":null,""win_rate"":null}},""value"":null},{""row"":3,""col"":2,""kind"":""sparse"",""pair"":{""id"":""pair-bbb3424d09daf866"",""teamId"":""oe:team:636ad22c939bc97d743c271a0daa83e"",""teamName"":""RIFT Esports"",""playerAId"":""oe:player:64d129224a5377b63e9727479ec987d"",""playerBId"":""oe:player:dc419de6761d89185a629cc1831235d"",""playerA"":""Counter"",""playerB"":""Gaaloul"",""stats"":{""eligible"":false,""n_games_total"":10.0,""n_games"":3.0,""n_days"":3.0,""mean_impact"":-0.10794039,""shrunk_impact"":-0.02490932,""ci_low"":-0.16573936,""ci_high"":0.07154462,""win_rate"":0.33333333}},""value"":-0.02490932},{""row"":3,""col"":3,""kind"":""self"",""pair"":null,""value"":null},{""row"":3,""col"":4,""kind"":""missing"",""pair"":{""id"":""pair-85b6c6518e5adbd2"",""teamId"":""oe:team:636ad22c939bc97d743c271a0daa83e"",""teamName"":""RIFT Esports"",""playerAId"":""oe:player:64d129224a5377b63e9727479ec987d"",""playerBId"":""oe:player:92cfefdee3053edb4c2e4435120d0e3"",""playerA"":""Counter"",""playerB"":""Grisen"",""stats"":{""eligible"":false,""n_games_total"":2.0,""n_games"":0.0,""n_days"":0.0,""mean_impact"":null,""shrunk_impact"":null,""ci_low"":null,""ci_high"":null,""win_rate"":null}},""value"":null},{""row"":4,""col"":0,""kind"":""missing"",""pair"":{""id"":""pair-30d8b3de81541c07"",""teamId"":""oe:team:636ad22c939bc97d743c271a0daa83e"",""teamName"":""RIFT Esports"",""playerAId"":""oe:player:92cfefdee3053edb4c2e4435120d0e3"",""playerBId"":""oe:player:fe2e2139e5ab31e17185537b335e52b"",""playerA"":""Grisen"",""playerB"":""Kubu"",""stats"":{""eligible"":false,""n_games_total"":2.0,""n_games"":0.0,""n_days"":0.0,""mean_impact"":null,""shrunk_impact"":null,""ci_low"":null,""ci_high"":null,""win_rate"":null}},""value"":null},{""row"":4,""col"":1,""kind"":""missing"",""pair"":{""id"":""pair-0699a130ddf71d12"",""teamId"":""oe:team:636ad22c939bc97d743c271a0daa83e"",""teamName"":""RIFT Esports"",""playerAId"":""oe:player:92cfefdee3053edb4c2e4435120d0e3"",""playerBId"":""oe:player:ecac964b00dc5f2bce529bf79d13eaf"",""playerA"":""Grisen"",""playerB"":""Paresz"",""stats"":{""eligible"":false,""n_games_total"":2.0,""n_games"":0.0,""n_days"":0.0,""mean_impact"":null,""shrunk_impact"":null,""ci_low"":null,""ci_high"":null,""win_rate"":null}},""value"":null},{""row"":4,""col"":2,""kind"":""missing"",""pair"":{""id"":""pair-0c2f398a0590eb69"",""teamId"":""oe:team:636ad22c939bc97d743c271a0daa83e"",""teamName"":""RIFT Esports"",""playerAId"":""oe:player:92cfefdee3053edb4c2e4435120d0e3"",""playerBId"":""oe:player:dc419de6761d89185a629cc1831235d"",""playerA"":""Grisen"",""playerB"":""Gaaloul"",""stats"":{""eligible"":false,""n_games_total"":2.0,""n_games"":0.0,""n_days"":0.0,""mean_impact"":null,""shrunk_impact"":null,""ci_low"":null,""ci_high"":null,""win_rate"":null}},""value"":null},{""row"":4,""col"":3,""kind"":""missing"",""pair"":{""id"":""pair-85b6c6518e5adbd2"",""teamId"":""oe:team:636ad22c939bc97d743c271a0daa83e"",""teamName"":""RIFT Esports"",""playerAId"":""oe:player:64d129224a5377b63e9727479ec987d"",""playerBId"":""oe:player:92cfefdee3053edb4c2e4435120d0e3"",""playerA"":""Counter"",""playerB"":""Grisen"",""stats"":{""eligible"":false,""n_games_total"":2.0,""n_games"":0.0,""n_days"":0.0,""mean_impact"":null,""shrunk_impact"":null,""ci_low"":null,""ci_high"":null,""win_rate"":null}},""value"":null},{""row"":4,""col"":4,""kind"":""self"",""pair"":null,""value"":null}],""limit"":0.15,""hasEligiblePair"":false}"
